run_name,overall,total_illegal_ratio,mammal,body part,animal,hardware item,musical,clothing accessory,electronic device,sports equipment,home appliance,game,furniture,tool,piece of women's clothing,car part,footwear,vehicle,watercraft,vegetable,outerwear,food,seafood,weapon,piece of jewelry,farm animal,insect,plant,garden tool,fruit,source of light,office supply item,protective clothing item,dessert,item of clothing,drink,medical equipment,bird,container,arts and crafts item,home decor item,kitchen appliance,headwear,school supply,construction equipment,kitchen tool,breakfast food,sea animal,toy,fastener,scientific equipment,candy,personal hygiene item,safety equipment,condiment
align-siglip+1b-things-42,0.8239714686027257,0.0,0.8541666666666666,0.7358490566037735,0.9329962073324906,0.6831683168316832,0.8745387453874539,0.9057971014492754,0.9297752808988764,0.6359223300970874,0.8754578754578755,0.7251184834123223,0.776173285198556,0.8978260869565218,0.8735177865612648,0.7668161434977578,0.7844036697247706,0.9036144578313252,0.9210526315789472,0.8762886597938144,0.8744588744588745,0.9223968565815324,0.640625,0.7679738562091504,0.7772277227722773,0.8245614035087719,0.883248730964467,0.8154362416107382,0.7574257425742574,0.926070038910506,0.5982905982905983,0.6666666666666666,0.844559585492228,0.9523809523809524,0.9319066147859922,0.7615384615384615,0.7272727272727273,0.9285714285714286,0.8278867102396514,0.54421768707483,0.839041095890411,0.9023255813953488,0.8717948717948718,0.710204081632653,0.6283524904214559,0.8201754385964912,0.8870967741935484,0.9090909090909092,0.7636363636363637,0.8048780487804879,0.7226890756302521,0.7868852459016393,0.6736401673640168,0.8070866141732284,0.8855721393034826
align-dinosiglip+1b-things+hyp-abl50-42,0.8704295349662762,0.0,0.9672131147540984,0.7153846153846154,0.96964586846543,0.8091872791519434,0.8841463414634146,0.8578431372549019,0.934156378600823,0.8138686131386861,0.8840579710144928,0.8,0.9303482587064676,0.8929577464788733,0.8693181818181818,0.7924528301886793,0.6514285714285715,0.9299610894941636,0.95906432748538,0.971563981042654,0.8554913294797688,0.9375,0.5157232704402516,0.7767441860465116,0.8015267175572519,0.8100558659217877,0.9246575342465754,0.8935185185185185,0.8445945945945946,0.883248730964467,0.8380281690140845,0.9148936170212766,0.8445945945945946,0.9797979797979798,0.9493333333333334,0.8662790697674418,0.6994219653179191,0.9422222222222222,0.90234375,0.8544600938967136,0.7921348314606742,0.8654970760233918,0.8651685393258427,0.7796610169491526,0.7606382978723404,0.8994082840236687,0.9398907103825136,0.8557692307692307,0.7888888888888889,0.8873239436619719,0.7543859649122807,0.9273743016759776,0.8944099378881988,0.7684729064039408,0.8985507246376812
align-dinov2+1b-things+hyp-abl10-42,0.928462709284627,0.0,0.9292929292929292,0.90625,0.9924242424242424,0.8490566037735849,1.0,1.0,0.9454545454545454,0.7931034482758621,1.0,0.8571428571428571,1.0,0.9545454545454546,0.8888888888888888,1.0,0.972972972972973,0.9491525423728814,0.9166666666666666,0.9838709677419356,0.92,0.9615384615384616,0.7857142857142857,0.8775510204081632,0.6666666666666666,0.9375,0.8846153846153846,0.8947368421052632,1.0,0.935483870967742,1.0,0.9310344827586208,1.0,0.9375,1.0,1.0,0.8636363636363636,1.0,0.9104477611940298,0.8085106382978723,0.7666666666666667,0.84375,0.9722222222222222,0.967741935483871,0.8936170212765957,1.0,0.95,0.9814814814814816,0.9111111111111112,0.8857142857142857,0.7777777777777778,0.8947368421052632,0.7291666666666666,1.0,0.9090909090909092
align-dinosiglip+1b-llama-chat-things+hyp-abl70-218,0.8700102354145343,0.0,0.9266666666666666,0.837037037037037,0.9511173184357542,0.8397626112759644,0.7422222222222222,0.9563492063492064,0.9381443298969072,0.8730650154798761,0.8769230769230769,0.8511904761904762,0.9434782608695652,0.9122401847575058,0.918552036199095,0.78125,0.7932692307692307,0.9783950617283952,0.9669811320754716,0.9074074074074074,0.94,0.9265536723163842,0.5674157303370787,0.87109375,0.7415730337078652,0.7969543147208121,0.9693251533742332,0.8754863813229572,0.8457446808510638,0.8363636363636363,0.8548387096774194,0.8324324324324325,0.8860759493670886,0.9598393574297188,0.9868995633187772,0.8073394495412844,0.6780487804878049,0.9356060606060606,0.8991825613079019,0.8333333333333334,0.7637130801687764,0.9375,0.8813559322033898,0.7568807339449541,0.728110599078341,0.7207207207207207,0.8504672897196262,0.9218106995884774,0.8504273504273504,0.8449197860962567,0.6476190476190476,0.7945205479452054,0.8426395939086294,0.8558558558558559,0.8595505617977528
align-dinov2+500m-things+hyp-abl30cat-218,0.8451240623196768,0.0,,0.7358490566037735,,,,0.9565217391304348,,0.6699029126213593,0.6923076923076923,0.6255924170616114,,0.9195652173913044,0.9407114624505928,,,,,0.9243986254295532,0.9004329004329005,0.8939096267190569,,,,0.8245614035087719,0.964467005076142,,,0.9299610894941636,,0.7743589743589744,,0.9743589743589745,,,,0.9489795918367347,0.8605664488017429,0.7074829931972789,0.7945205479452054,0.6837209302325581,,0.8857142857142857,0.8352490421455939,0.8026315789473685,0.9193548387096774,0.984189723320158,,0.8585365853658536,0.7058823529411765,0.8073770491803278,,0.8307086614173228,0.7711442786069652
align-dinov2+500m-things+hyp-abl70-7-random,0.6149290831992982,0.0,0.7422222222222222,0.2518518518518518,0.8938547486033519,0.5489614243323442,0.4577777777777778,0.5793650793650794,0.7731958762886598,0.6222910216718266,0.5230769230769231,0.5297619047619048,0.5434782608695652,0.5681293302540416,0.755656108597285,0.5625,0.625,0.654320987654321,0.4292452830188679,0.6481481481481481,0.34,0.8700564971751412,0.550561797752809,0.5390625,0.6235955056179775,0.6598984771573604,0.5276073619631901,0.5214007782101168,0.5,0.6863636363636364,0.5161290322580645,0.3891891891891892,0.5886075949367089,0.5060240963855421,0.7314410480349345,0.7247706422018348,0.6634146341463415,0.6174242424242424,0.7138964577656676,0.5476190476190477,0.6413502109704642,0.4583333333333333,0.5423728813559322,0.7293577981651376,0.5622119815668203,0.481981981981982,0.4532710280373832,0.522633744855967,0.4444444444444444,0.5775401069518716,0.3904761904761905,0.6164383561643836,0.4873096446700508,0.545045045045045,0.6235955056179775
align-dinov2+1b-llama-chat-things-42,0.6259075277034772,0.0,0.8416666666666667,0.7358490566037735,0.324905183312263,0.5891089108910891,0.5904059040590406,0.7355072463768116,0.8174157303370787,0.5121359223300971,0.7032967032967034,0.5402843601895735,0.7653429602888087,0.6543478260869565,0.5968379446640316,0.6905829596412556,0.4174311926605504,0.7397590361445783,0.6535087719298246,0.7869415807560137,0.6233766233766234,0.4518664047151277,0.6145833333333334,0.6339869281045751,0.6534653465346535,0.8026315789473685,0.8883248730964467,0.8120805369127517,0.5346534653465347,0.6926070038910506,0.6623931623931624,0.4974358974358974,0.5284974093264249,0.8168498168498168,0.6945525291828794,0.7769230769230769,0.6022727272727273,0.6598639455782312,0.7298474945533769,0.6938775510204082,0.6472602739726028,0.6139534883720931,0.6564102564102564,0.6489795918367347,0.5019157088122606,0.4517543859649123,0.5524193548387096,0.6007905138339921,0.5709090909090909,0.6097560975609756,0.5,0.6475409836065574,0.5648535564853556,0.6181102362204725,0.5124378109452736
align-siglip+500m-things+hyp-abl70-218,0.8153969878637227,0.0,0.9155555555555556,0.7111111111111111,0.9301675977653632,0.744807121661721,0.76,0.8492063492063492,0.8797250859106529,0.8575851393188855,0.8653846153846154,0.8095238095238095,0.782608695652174,0.7205542725173211,0.8009049773755657,0.828125,0.6730769230769231,0.9567901234567902,0.8632075471698113,0.8962962962962963,0.755,0.9751412429378532,0.5617977528089888,0.8359375,0.6629213483146067,0.8324873096446701,0.8711656441717791,0.7042801556420234,0.7021276595744681,0.8363636363636363,0.7473118279569892,0.7297297297297297,0.7848101265822784,0.927710843373494,0.9235807860262008,0.7660550458715596,0.7414634146341463,0.9090909090909092,0.8474114441416893,0.6507936507936508,0.7510548523206751,0.78125,0.7231638418079096,0.8165137614678899,0.8617511520737328,0.6441441441441441,0.8411214953271028,0.8518518518518519,0.5170940170940171,0.7433155080213903,0.6714285714285714,0.7488584474885844,0.8578680203045685,0.8603603603603603,0.7584269662921348
align-siglip+1b-llama-chat-things+hyp-abl30-218,0.9392847611422472,0.0,0.9566787003610108,0.9130434782608696,1.0,0.8808290155440415,1.0,0.9407407407407408,0.9746835443037974,0.951219512195122,0.992248062015504,0.8115942028985508,0.9253731343283582,0.967479674796748,0.9322033898305084,0.9456521739130436,0.897196261682243,0.940828402366864,0.9891304347826086,1.0,0.9423076923076924,0.9631236442516268,0.9396551724137931,0.8194444444444444,0.9655172413793104,0.8897058823529411,0.9444444444444444,0.9453125,0.913793103448276,0.9236641221374046,0.918918918918919,0.8918918918918919,0.9080459770114944,0.9833333333333332,0.9920948616600792,0.9918032786885246,0.9642857142857144,0.958041958041958,0.945,0.943089430894309,0.7916666666666666,0.925531914893617,0.9156626506024096,1.0,0.8837209302325582,0.968,0.9448818897637796,1.0,0.9361702127659576,0.9651162790697676,0.7241379310344828,0.9615384615384616,0.8723404255319149,0.832,0.9587628865979382
align-dinov2+500m-things+hyp-abl30-218-random,0.7991726714705097,0.0,0.924187725631769,0.855072463768116,0.9535452322738386,0.7512953367875648,0.6779661016949152,0.8148148148148148,0.8544303797468354,0.75,0.875968992248062,0.7101449275362319,0.5149253731343284,0.8902439024390244,0.923728813559322,0.8152173913043478,0.794392523364486,0.621301775147929,0.7717391304347826,0.6585365853658537,0.8365384615384616,0.9067245119305856,0.853448275862069,0.6319444444444444,0.8706896551724138,0.7279411764705882,0.8888888888888888,0.78125,0.9051724137931034,0.7633587786259542,0.7477477477477478,0.7747747747747747,0.7241379310344828,0.8583333333333333,0.932806324110672,0.8114754098360656,0.6071428571428571,0.7972027972027972,0.73,0.8943089430894309,0.65,0.8936170212765957,0.6626506024096386,0.7181818181818181,0.7364341085271318,0.752,0.8110236220472441,0.825503355704698,0.6879432624113475,0.7790697674418605,0.6137931034482759,0.8846153846153846,0.7021276595744681,0.744,0.8144329896907216
align-dinov2+1b-llama-chat-things+hyp-abl10-218,0.9296042617960426,0.0,0.9292929292929292,0.96875,1.0,0.9056603773584906,0.9722222222222222,0.9661016949152542,0.9454545454545454,0.896551724137931,1.0,0.8095238095238095,1.0,0.9886363636363636,1.0,0.9473684210526316,0.8648648648648649,0.9491525423728814,0.9791666666666666,1.0,0.94,0.978021978021978,0.7857142857142857,0.8571428571428571,0.696969696969697,0.96875,0.8846153846153846,0.8947368421052632,1.0,0.9032258064516128,0.9333333333333332,0.896551724137931,1.0,0.9375,0.9875,0.9361702127659576,0.9318181818181818,1.0,0.8507462686567164,0.851063829787234,0.8,0.90625,0.9722222222222222,0.967741935483871,0.8936170212765957,0.9565217391304348,0.9333333333333332,0.9814814814814816,0.8222222222222222,0.8571428571428571,0.5555555555555556,0.9210526315789472,0.7708333333333334,0.9491525423728814,0.9318181818181818
align-dinosiglip+500m-things+hyp-abl10-7,0.9094368340943684,0.0,0.898989898989899,0.84375,0.9621212121212122,0.9245283018867924,1.0,1.0,0.9272727272727272,1.0,1.0,0.5238095238095238,1.0,1.0,1.0,0.8421052631578947,0.8918918918918919,0.9661016949152542,0.875,0.935483870967742,0.92,0.9615384615384616,0.8333333333333334,0.7551020408163265,0.6060606060606061,0.953125,0.9230769230769232,0.6842105263157895,0.9655172413793104,0.7741935483870968,0.9333333333333332,0.8275862068965517,0.8947368421052632,0.9375,0.9875,0.9574468085106383,0.9318181818181818,1.0,0.8507462686567164,0.9361702127659576,0.7,0.9375,1.0,0.935483870967742,0.9148936170212766,0.9565217391304348,0.9166666666666666,0.9814814814814816,0.8444444444444444,0.7142857142857143,0.8148148148148148,0.8947368421052632,0.7708333333333334,0.7627118644067796,0.9318181818181818
align-dinov2+1b-llama-things+hyp-abl10-7,0.9318873668188736,0.0,0.9191919191919192,1.0,1.0,0.9622641509433962,1.0,1.0,0.9454545454545454,0.8620689655172413,1.0,0.8095238095238095,1.0,0.9772727272727272,0.9444444444444444,1.0,0.972972972972973,0.9322033898305084,0.9166666666666666,1.0,0.92,0.9725274725274724,0.9047619047619048,0.8163265306122449,0.696969696969697,0.96875,0.8846153846153846,0.8947368421052632,1.0,1.0,1.0,0.9310344827586208,1.0,0.9375,1.0,1.0,0.8636363636363636,1.0,0.8955223880597015,0.7659574468085106,0.8666666666666667,0.875,1.0,1.0,0.8085106382978723,1.0,0.95,1.0,0.7333333333333333,0.8,0.7037037037037037,0.8947368421052632,0.75,0.9152542372881356,0.9318181818181818
align-siglip+1b-llama-things+hyp-abl30-218,0.9340805978115826,0.0,0.9386281588447654,0.8695652173913043,0.9951100244498776,0.8756476683937824,0.9491525423728814,0.8888888888888888,0.981012658227848,0.9878048780487804,0.9689922480620154,0.8405797101449275,0.9925373134328358,0.9390243902439024,0.9491525423728814,0.9021739130434784,0.8878504672897196,0.9230769230769232,1.0,1.0,0.8942307692307693,0.9479392624728852,0.9827586206896552,0.875,0.8448275862068966,0.875,0.9,0.9375,0.896551724137931,0.9389312977099236,0.963963963963964,0.90990990990991,0.896551724137931,0.9833333333333332,0.9723320158102768,0.9590163934426228,0.9285714285714286,0.9790209790209792,0.925,0.8617886178861789,0.8666666666666667,0.946808510638298,0.9156626506024096,0.9545454545454546,0.8217054263565892,0.944,0.9921259842519684,0.9932885906040269,0.9148936170212766,0.9418604651162792,0.8482758620689655,0.9692307692307692,0.9042553191489362,0.816,1.0
align-dinosiglip+1b-llama-things+hyp-abl30-7,0.8981852148385375,0.0,0.9314079422382672,0.8405797101449275,0.9877750611246944,0.8652849740932642,0.8898305084745762,0.9407407407407408,0.9430379746835444,0.945121951219512,0.8682170542635659,0.782608695652174,0.8880597014925373,0.9471544715447154,0.8813559322033898,0.8478260869565217,0.9065420560747663,0.8994082840236687,0.9347826086956522,1.0,0.9326923076923076,0.9045553145336226,0.913793103448276,0.7777777777777778,0.9310344827586208,0.75,0.9,0.890625,0.8793103448275862,0.9847328244274808,0.9009009009009008,0.945945945945946,0.8735632183908046,0.975,1.0,0.9016393442622952,0.6428571428571429,0.951048951048951,0.905,0.9105691056910568,0.825,0.946808510638298,0.8554216867469879,0.8727272727272727,0.8449612403100775,0.856,0.937007874015748,0.9798657718120806,0.7872340425531915,0.9418604651162792,0.7241379310344828,0.9307692307692308,0.7127659574468085,0.704,0.9072164948453608
align-siglip+1b-things+hyp-abl10-42,0.9410197869101978,0.0,0.9292929292929292,0.9375,1.0,0.7358490566037735,1.0,1.0,0.9818181818181818,0.8793103448275862,1.0,0.8571428571428571,0.8947368421052632,0.9545454545454546,0.8888888888888888,0.9473684210526316,0.918918918918919,0.9322033898305084,0.8541666666666666,1.0,0.98,0.9725274725274724,0.9047619047619048,0.7755102040816326,0.8787878787878788,1.0,1.0,0.7894736842105263,1.0,1.0,0.9333333333333332,1.0,1.0,0.9375,1.0,1.0,0.9318181818181818,1.0,0.9850746268656716,0.8297872340425532,0.8333333333333334,0.9375,0.8888888888888888,1.0,0.8297872340425532,0.9782608695652174,0.95,1.0,0.8444444444444444,0.8857142857142857,0.8518518518518519,1.0,0.9166666666666666,1.0,0.9545454545454546
align-dinosiglip+500m-things+hyp-abl30-218,0.8855084067253803,0.0,0.924187725631769,0.9130434782608696,0.9902200488997556,0.8808290155440415,0.7711864406779662,0.8740740740740741,0.9620253164556962,0.902439024390244,0.7906976744186046,0.7681159420289855,0.8507462686567164,0.9390243902439024,0.923728813559322,0.8152173913043478,0.9065420560747663,0.9112426035502958,0.9456521739130436,0.9390243902439024,0.8653846153846154,0.915401301518438,0.8017241379310345,0.7569444444444444,0.8275862068965517,0.8970588235294118,0.9,0.875,0.853448275862069,0.9770992366412212,0.7207207207207207,0.945945945945946,0.8850574712643678,0.9666666666666668,0.9683794466403162,0.9344262295081968,0.7380952380952381,0.972027972027972,0.865,0.8455284552845529,0.775,0.925531914893617,0.7590361445783133,0.7727272727272727,0.8682170542635659,0.952,0.9606299212598424,0.959731543624161,0.7872340425531915,0.8372093023255814,0.6482758620689655,0.9307692307692308,0.8829787234042553,0.752,0.9381443298969072
align-dinov2+1b-llama-chat-things+hyp-abl30cat-42,0.8111944604731679,0.0,,0.8553459119496856,,,,0.9637681159420288,,0.7233009708737864,0.9047619047619048,0.7582938388625592,,0.8434782608695652,0.91699604743083,,,,,0.9243986254295532,0.9134199134199136,0.5442043222003929,,,,0.8377192982456141,0.9441624365482234,,,0.9105058365758756,,0.7846153846153846,,0.9487179487179488,,,,0.9693877551020408,0.8300653594771242,0.7278911564625851,0.7226027397260274,0.8558139534883721,,0.8489795918367347,0.7816091954022989,0.7982456140350878,0.9274193548387096,0.9881422924901184,,0.8536585365853658,0.6554621848739496,0.819672131147541,,0.7795275590551181,0.8308457711442786
align-dinov2+1b-llama-things+hyp-abl30cat-218,0.7944604731679169,0.0,,0.7421383647798742,,,,0.9094202898550724,,0.7961165048543689,0.8644688644688645,0.6303317535545023,,0.8913043478260869,0.91699604743083,,,,,0.9587628865979382,0.9307359307359307,0.6601178781925344,,,,0.8421052631578947,0.9695431472081218,,,0.953307392996109,,0.7128205128205128,,0.9523809523809524,,,,0.9421768707482994,0.5294117647058824,0.7755102040816326,0.7226027397260274,0.8744186046511628,,0.7510204081632653,0.6781609195402298,0.5701754385964912,0.9435483870967742,0.9881422924901184,,0.6829268292682927,0.7016806722689075,0.8319672131147541,,0.7165354330708661,0.8407960199004975
align-dinosiglip+1b-llama-things+hyp-abl50-218,0.8663471778487752,0.0,0.9426229508196722,0.7846153846153846,0.9308600337268128,0.901060070671378,0.8719512195121951,0.9215686274509804,0.8559670781893004,0.8576642335766423,0.8840579710144928,0.7384615384615385,0.8507462686567164,0.8929577464788733,0.9204545454545454,0.7358490566037735,0.7657142857142857,0.8988326848249028,0.9181286549707602,0.933649289099526,0.8786127167630058,0.9211956521739132,0.6981132075471698,0.7581395348837209,0.7557251908396947,0.7821229050279329,0.9178082191780822,0.8518518518518519,0.8445945945945946,0.9137055837563453,0.8169014084507042,0.851063829787234,0.831081081081081,0.9494949494949496,0.9626666666666668,0.8546511627906976,0.7572254335260116,0.9466666666666668,0.93359375,0.8779342723004695,0.7471910112359551,0.9298245614035088,0.8539325842696629,0.7966101694915254,0.7606382978723404,0.9171597633136096,0.8469945355191257,0.8605769230769231,0.7722222222222223,0.8169014084507042,0.7485380116959064,0.88268156424581,0.8571428571428571,0.7881773399014779,0.8840579710144928
align-siglip+1b-llama-things+hyp-abl30-42,0.9308780357619428,0.0,0.9350180505415162,0.9130434782608696,0.9877750611246944,0.7875647668393783,0.9745762711864406,0.9333333333333332,0.930379746835443,0.9634146341463414,1.0,0.8260869565217391,0.9552238805970148,0.9715447154471544,0.9322033898305084,1.0,0.8878504672897196,0.970414201183432,0.9782608695652174,1.0,0.8942307692307693,0.9370932754880694,0.9655172413793104,0.8611111111111112,0.9482758620689656,0.8602941176470589,0.8888888888888888,0.96875,0.8620689655172413,0.916030534351145,0.981981981981982,0.8648648648648649,0.9195402298850576,1.0,0.9920948616600792,0.8770491803278688,0.9047619047619048,0.9790209790209792,0.945,0.9105691056910568,0.8666666666666667,0.9680851063829788,0.7831325301204819,0.9090909090909092,0.8217054263565892,0.944,0.968503937007874,0.9798657718120806,0.8723404255319149,1.0,0.8482758620689655,0.9615384615384616,0.8829787234042553,0.816,1.0
align-siglip+1b-llama-things-218,0.7322634059355496,0.0,0.8625,0.6729559748427673,0.8482932996207333,0.5866336633663366,0.8118081180811808,0.7318840579710145,0.797752808988764,0.6966019417475728,0.8241758241758241,0.6113744075829384,0.631768953068592,0.841304347826087,0.691699604743083,0.5829596412556054,0.5504587155963303,0.8530120481927711,0.8333333333333334,0.7938144329896907,0.5757575757575758,0.8958742632612967,0.6145833333333334,0.7222222222222222,0.4603960396039604,0.7587719298245614,0.7715736040609137,0.7651006711409396,0.5891089108910891,0.7276264591439688,0.6111111111111112,0.5897435897435898,0.6321243523316062,0.8754578754578755,0.7704280155642024,0.676923076923077,0.6363636363636364,0.8027210884353742,0.869281045751634,0.54421768707483,0.7191780821917808,0.8046511627906977,0.6615384615384615,0.6285714285714286,0.6283524904214559,0.6052631578947368,0.7459677419354839,0.8181818181818182,0.5672727272727273,0.7170731707317073,0.6764705882352942,0.7377049180327869,0.6736401673640168,0.7125984251968503,0.6169154228855721
align-dinosiglip+1b-things+hyp-abl90-7,0.8036160420775805,0.0,0.925,0.5570469798657718,0.9366925064599484,0.7095115681233933,0.7327935222672065,0.8970588235294118,0.9005681818181818,0.7474747474747475,0.8015267175572519,0.5477386934673367,0.6816479400749064,0.8630434782608696,0.9037656903765692,0.7570093457943925,0.6698564593301436,0.9360613810741688,0.9078947368421052,0.8705035971223022,0.8268398268398268,0.9254783484390736,0.7239583333333334,0.8047945205479452,0.5957446808510638,0.8099547511312217,0.8578680203045685,0.6832740213523132,0.7291666666666666,0.8866396761133604,0.6106194690265486,0.7239583333333334,0.8031088082901554,0.906367041198502,0.9424603174603174,0.6489795918367347,0.7751004016064257,0.926056338028169,0.8056872037914692,0.7330960854092526,0.7813620071684588,0.7559808612440191,0.8219895287958116,0.7124463519313304,0.6627906976744186,0.6981981981981982,0.8830645161290323,0.8987854251012146,0.704119850187266,0.806930693069307,0.5574468085106383,0.7763713080168776,0.6666666666666666,0.688,0.8232323232323232
align-dinov2+1b-llama-chat-things+hyp-abl10-7,0.9277016742770168,0.0,0.9292929292929292,1.0,1.0,0.8867924528301887,1.0,1.0,0.9454545454545454,0.9827586206896552,1.0,0.8095238095238095,1.0,0.9318181818181818,0.9722222222222222,0.8947368421052632,1.0,0.9322033898305084,0.9375,0.9838709677419356,0.92,0.978021978021978,0.9047619047619048,0.8571428571428571,0.9393939393939394,0.9375,0.8846153846153846,0.8947368421052632,1.0,1.0,0.9333333333333332,0.896551724137931,0.9473684210526316,0.9375,1.0,1.0,0.9090909090909092,1.0,0.8805970149253731,0.7446808510638298,0.7666666666666667,0.875,0.9722222222222222,0.967741935483871,0.8297872340425532,1.0,0.9333333333333332,1.0,0.6444444444444445,0.8857142857142857,0.5925925925925926,0.868421052631579,0.75,0.8305084745762712,0.9318181818181818
align-dinosiglip+500m-things+hyp-abl30-42,0.8624232719508941,0.0,0.924187725631769,0.782608695652174,0.9975550122249388,0.8497409326424871,0.8389830508474576,0.8444444444444444,0.9367088607594936,0.8109756097560976,0.875968992248062,0.6811594202898551,0.8656716417910447,0.91869918699187,0.9067796610169492,0.8369565217391305,0.9158878504672896,0.9112426035502958,1.0,0.9695121951219512,0.7980769230769231,0.8611713665943601,0.913793103448276,0.7083333333333334,0.8620689655172413,0.7720588235294118,0.9666666666666668,0.8828125,0.8706896551724138,0.9923664122137404,0.8918918918918919,0.90990990990991,0.8735632183908046,0.95,0.8893280632411067,0.860655737704918,0.6071428571428571,0.951048951048951,0.84,0.9105691056910568,0.7916666666666666,0.8723404255319149,0.7710843373493976,0.8181818181818182,0.7364341085271318,0.784,0.8346456692913385,0.8590604026845637,0.723404255319149,0.8372093023255814,0.5517241379310345,0.9307692307692308,0.6595744680851063,0.848,0.8865979381443299
align-dinov2+1b-llama-things+hyp-abl90-218,0.8414858645627876,0.0,0.93125,0.7248322147651006,0.9560723514211886,0.7069408740359897,0.8502024291497976,0.8713235294117647,0.8863636363636364,0.7803030303030303,0.8625954198473282,0.5678391959798995,0.9250936329588016,0.9195652173913044,0.8368200836820083,0.8598130841121495,0.8277511961722488,0.907928388746803,0.8947368421052632,0.946043165467626,0.8484848484848485,0.91742195367573,0.7552083333333334,0.8321917808219178,0.776595744680851,0.8552036199095022,0.9289340101522844,0.8434163701067615,0.7916666666666666,0.8866396761133604,0.7876106194690266,0.6875,0.7616580310880829,0.9176029962546816,0.984126984126984,0.7877551020408163,0.6907630522088354,0.9788732394366196,0.8791469194312796,0.6903914590747331,0.8315412186379928,0.8421052631578947,0.8848167539267016,0.6351931330472103,0.6744186046511628,0.7792792792792793,0.8870967741935484,0.9352226720647774,0.7378277153558053,0.8910891089108911,0.625531914893617,0.7890295358649789,0.6406926406926406,0.804,0.8232323232323232
align-siglip+1b-llama-things+hyp-abl30-7,0.9214037896984254,0.0,0.9386281588447654,0.9565217391304348,0.9951100244498776,0.8756476683937824,0.923728813559322,0.9407407407407408,0.9430379746835444,0.9878048780487804,0.9224806201550388,0.8985507246376812,0.9552238805970148,0.9552845528455284,0.9152542372881356,0.9891304347826086,0.9158878504672896,0.9585798816568049,0.9891304347826086,0.975609756097561,0.971153846153846,0.9327548806941433,0.896551724137931,0.7916666666666666,0.8879310344827587,0.8897058823529411,0.9,0.875,0.8362068965517241,0.9465648854961832,1.0,0.927927927927928,0.8505747126436781,0.975,0.9683794466403162,0.8770491803278688,0.7857142857142857,0.9790209790209792,0.91,0.8780487804878049,0.8416666666666667,1.0,0.8192771084337349,0.9181818181818182,0.8682170542635659,0.896,1.0,0.9798657718120806,0.8936170212765957,0.9418604651162792,0.7793103448275862,0.9384615384615383,0.7127659574468085,0.784,0.9690721649484536
align-dinov2+1b-llama-chat-things+hyp-abl50-218,0.8914625488107917,0.0,0.9371584699453552,0.7384615384615385,0.951096121416526,0.8551236749116607,0.8780487804878049,0.9215686274509804,0.934156378600823,0.8248175182481752,0.8985507246376812,0.9230769230769232,0.9104477611940298,0.943661971830986,0.875,0.7924528301886793,0.84,0.8949416342412452,0.9707602339181286,1.0,0.907514450867052,0.9157608695652174,0.7610062893081762,0.8418604651162791,0.7862595419847328,0.7206703910614525,0.9315068493150684,0.9027777777777778,0.8243243243243243,0.9543147208121828,0.9577464788732394,0.9432624113475178,0.8851351351351351,0.9292929292929292,0.992,0.8953488372093024,0.7109826589595376,0.9644444444444444,0.91796875,0.7934272300469484,0.8314606741573034,0.9766081871345028,0.8876404494382022,0.8587570621468926,0.7925531914893617,0.8994082840236687,0.9234972677595628,0.9519230769230768,0.8166666666666667,0.9366197183098592,0.6842105263157895,0.9385474860335196,0.906832298136646,0.8522167487684729,0.8695652173913043
align-dinov2+500m-things+hyp-abl50-7-random,0.7018991835285765,0.0,0.8278688524590164,0.4692307692307692,0.9409780775716696,0.6219081272084805,0.6219512195121951,0.6764705882352942,0.7448559670781894,0.7956204379562044,0.5652173913043478,0.7076923076923077,0.582089552238806,0.7633802816901408,0.7556818181818182,0.6729559748427673,0.8114285714285714,0.7237354085603113,0.6549707602339181,0.7488151658767772,0.6647398843930635,0.9157608695652174,0.5723270440251572,0.6046511627906976,0.7251908396946565,0.5251396648044693,0.7328767123287672,0.6805555555555556,0.6486486486486487,0.7208121827411168,0.647887323943662,0.6950354609929078,0.6554054054054054,0.5959595959595959,0.872,0.5581395348837209,0.5491329479768786,0.6844444444444444,0.76171875,0.6103286384976526,0.6966292134831461,0.5263157894736842,0.5056179775280899,0.7627118644067796,0.6117021276595744,0.4852071005917159,0.7213114754098361,0.6875,0.5,0.5845070422535211,0.5614035087719298,0.7821229050279329,0.6894409937888198,0.6502463054187192,0.5869565217391305
align-dinov2+1b-llama-chat-things+hyp-abl90-42,0.6638395792241946,0.0,0.7729166666666667,0.5838926174496645,0.7558139534883721,0.6632390745501285,0.5708502024291497,0.6397058823529411,0.7386363636363636,0.5984848484848485,0.6335877862595419,0.3316582914572864,0.6179775280898876,0.6652173913043479,0.602510460251046,0.6728971962616822,0.5454545454545454,0.782608695652174,0.6491228070175439,0.7589928057553957,0.5800865800865801,0.8942598187311178,0.578125,0.6815068493150684,0.574468085106383,0.755656108597285,0.7969543147208121,0.6797153024911032,0.6510416666666666,0.7165991902834008,0.5707964601769911,0.5104166666666666,0.6010362694300518,0.8239700374531835,0.7857142857142857,0.4816326530612245,0.6385542168674698,0.6690140845070423,0.7559241706161137,0.5729537366548043,0.6451612903225806,0.6220095693779905,0.5968586387434555,0.5064377682403434,0.5930232558139535,0.4189189189189189,0.6451612903225806,0.6639676113360324,0.4794007490636704,0.5841584158415841,0.6085106382978723,0.6118143459915611,0.6147186147186147,0.668,0.4848484848484848
align-siglip+1b-llama-things+hyp-abl70-218,0.8687673636496563,0.0,0.9044444444444444,0.8666666666666667,0.946927374301676,0.7893175074183977,0.8533333333333334,0.9285714285714286,0.9037800687285223,0.8823529411764706,0.9076923076923076,0.8035714285714286,0.808695652173913,0.9330254041570438,0.9411764705882352,0.8645833333333334,0.8028846153846154,0.9598765432098766,0.9669811320754716,0.937037037037037,0.905,0.9096045197740112,0.5449438202247191,0.88671875,0.6179775280898876,0.8121827411167513,0.9877300613496932,0.906614785992218,0.8776595744680851,0.8772727272727273,0.8978494623655914,0.7567567567567568,0.8291139240506329,0.963855421686747,0.982532751091703,0.8807339449541285,0.6585365853658537,0.9772727272727272,0.8801089918256131,0.7936507936507936,0.7552742616033755,0.9270833333333334,0.8813559322033898,0.7568807339449541,0.7511520737327189,0.6621621621621622,0.883177570093458,0.9547325102880658,0.7991452991452992,0.8449197860962567,0.7476190476190476,0.817351598173516,0.8324873096446701,0.8783783783783784,0.8595505617977528
align-dinosiglip+500m-things-218,0.5224812125843842,0.0,0.75,0.4025157232704403,0.5815423514538559,0.5297029702970297,0.5793357933579336,0.5362318840579711,0.7556179775280899,0.5,0.6007326007326007,0.4976303317535545,0.4693140794223827,0.6369565217391304,0.3162055335968379,0.4798206278026906,0.4495412844036697,0.727710843373494,0.4780701754385965,0.563573883161512,0.3246753246753247,0.4842829076620825,0.4427083333333333,0.5882352941176471,0.5198019801980198,0.4122807017543859,0.6142131979695431,0.5503355704697986,0.400990099009901,0.5836575875486382,0.5854700854700855,0.4358974358974359,0.4352331606217616,0.6959706959706959,0.4669260700389105,0.4846153846153846,0.5416666666666666,0.5,0.5206971677559913,0.4693877551020408,0.5616438356164384,0.5627906976744186,0.3538461538461538,0.4857142857142857,0.3409961685823754,0.4692982456140351,0.3346774193548387,0.5098814229249012,0.4909090909090909,0.6731707317073171,0.4705882352941176,0.4877049180327868,0.4184100418410041,0.4803149606299212,0.4477611940298507
align-dinov2+1b-things+hyp-abl50-7,0.895367412140575,0.0,0.96448087431694,0.5230769230769231,0.9730185497470488,0.8268551236749117,0.902439024390244,0.8970588235294118,0.9218106995884774,0.8905109489051095,0.8888888888888888,0.9076923076923076,0.9502487562189056,0.943661971830986,0.9318181818181818,0.7735849056603774,0.8742857142857143,0.8832684824902723,0.8654970760233918,1.0,0.8670520231213873,0.9279891304347826,0.7358490566037735,0.8046511627906977,0.9083969465648856,0.8379888268156425,0.9726027397260274,0.8935185185185185,0.8243243243243243,0.9593908629441624,0.943661971830986,0.8723404255319149,0.9121621621621622,0.9646464646464646,0.9706666666666668,0.9244186046511628,0.7861271676300579,0.9733333333333334,0.9296875,0.8309859154929577,0.7865168539325843,0.9415204678362572,0.8595505617977528,0.8531073446327684,0.8191489361702128,0.8994082840236687,0.912568306010929,0.908653846153846,0.8055555555555556,0.9577464788732394,0.8538011695906432,0.9162011173184358,0.8819875776397516,0.8078817733990148,0.9130434782608696
align-dinov2+500m-things+hyp-abl10-42,0.9360730593607306,0.0,0.9292929292929292,1.0,1.0,0.9056603773584906,1.0,1.0,0.9454545454545454,0.9310344827586208,0.8857142857142857,0.8571428571428571,1.0,0.9772727272727272,0.9444444444444444,1.0,1.0,0.8983050847457628,0.9166666666666666,0.967741935483871,0.94,0.978021978021978,0.9761904761904762,0.9183673469387756,0.7575757575757576,0.9375,0.8846153846153846,0.8947368421052632,0.9827586206896552,0.935483870967742,0.9333333333333332,0.9655172413793104,0.9210526315789472,0.9375,0.975,0.9574468085106383,0.9090909090909092,1.0,0.9402985074626866,0.8723404255319149,0.8666666666666667,0.78125,1.0,1.0,0.8936170212765957,1.0,0.9166666666666666,1.0,0.7777777777777778,0.8571428571428571,0.7777777777777778,0.9473684210526316,0.8125,0.847457627118644,0.9318181818181818
align-dinosiglip+1b-llama-chat-things+hyp-abl30-218,0.8916466506538564,0.0,0.9169675090252708,0.782608695652174,0.9877750611246944,0.8290155440414507,0.8728813559322034,0.9037037037037036,0.9620253164556962,0.9207317073170732,0.8527131782945736,0.7246376811594203,0.9477611940298508,0.926829268292683,0.9152542372881356,0.9130434782608696,0.8598130841121495,0.9881656804733728,0.9239130434782608,1.0,0.9326923076923076,0.9045553145336226,0.8103448275862069,0.8055555555555556,0.7931034482758621,0.7573529411764706,0.9,0.9140625,0.896551724137931,1.0,0.8828828828828829,0.8918918918918919,0.9310344827586208,0.95,0.9683794466403162,0.9016393442622952,0.7738095238095238,0.9790209790209792,0.865,0.959349593495935,0.8083333333333333,0.9148936170212766,0.7710843373493976,0.9181818181818182,0.8294573643410853,0.848,0.9291338582677166,0.9798657718120806,0.723404255319149,0.9534883720930232,0.5724137931034483,0.9615384615384616,0.7553191489361702,0.728,0.9587628865979382
align-siglip+1b-llama-chat-things+hyp-abl70-218,0.8408393039918116,0.0,0.8688888888888889,0.837037037037037,0.9120111731843576,0.771513353115727,0.7644444444444445,0.876984126984127,0.9072164948453608,0.8359133126934984,0.8192307692307692,0.75,0.8304347826086956,0.9053117782909932,0.9049773755656108,0.828125,0.7644230769230769,0.9444444444444444,0.9150943396226416,0.7888888888888889,0.84,0.9672316384180792,0.8033707865168539,0.8359375,0.7134831460674157,0.8223350253807107,0.8404907975460123,0.8249027237354085,0.7978723404255319,0.8727272727272727,0.8763440860215054,0.7567567567567568,0.7784810126582279,0.8955823293172691,0.945414847161572,0.8027522935779816,0.7951219512195122,0.9128787878787878,0.8746594005449592,0.7817460317460317,0.6582278481012658,0.8177083333333334,0.807909604519774,0.8027522935779816,0.7235023041474654,0.7702702702702703,0.7850467289719626,0.8765432098765432,0.8162393162393162,0.7754010695187166,0.7714285714285715,0.7397260273972602,0.8071065989847716,0.7972972972972973,0.7191011235955056
align-siglip+500m-things+hyp-abl30-218,0.8976514544969308,0.0,0.9386281588447654,0.9130434782608696,0.9559902200488998,0.8860103626943006,0.9661016949152542,0.9481481481481482,0.981012658227848,0.9634146341463414,0.8914728682170543,0.782608695652174,0.746268656716418,0.9634146341463414,0.923728813559322,0.9130434782608696,0.9439252336448598,0.9171597633136096,1.0,0.902439024390244,0.8365384615384616,0.8590021691973969,0.853448275862069,0.8333333333333334,0.7586206896551724,0.7794117647058824,0.9111111111111112,0.890625,0.913793103448276,0.9236641221374046,0.8738738738738738,0.8468468468468469,0.8735632183908046,0.9666666666666668,0.9920948616600792,0.8688524590163934,0.7976190476190477,0.944055944055944,0.9,0.8292682926829268,0.8416666666666667,0.925531914893617,0.7710843373493976,0.9636363636363636,0.875968992248062,0.944,0.9212598425196852,0.953020134228188,0.8652482269503546,0.8604651162790697,0.7793103448275862,0.9307692307692308,0.7978723404255319,0.824,0.9587628865979382
align-dinov2+500m-things-218,0.7984333205961024,0.0,0.8916666666666667,0.8742138364779874,0.9709228824273072,0.7103960396039604,0.7712177121771218,0.8659420289855072,0.8679775280898876,0.7669902912621359,0.8388278388278388,0.5545023696682464,0.7328519855595668,0.908695652173913,0.7984189723320159,0.6278026905829597,0.7981651376146789,0.8819277108433735,0.8947368421052632,0.8075601374570447,0.8354978354978355,0.8772102161100196,0.6145833333333334,0.7810457516339869,0.7475247524752475,0.8070175438596491,0.9441624365482234,0.7248322147651006,0.5742574257425742,0.8754863813229572,0.6837606837606838,0.6256410256410256,0.6424870466321243,0.956043956043956,0.95136186770428,0.8192307692307692,0.5795454545454546,0.9251700680272108,0.7930283224400871,0.6462585034013606,0.8047945205479452,0.827906976744186,0.8615384615384616,0.7673469387755102,0.7318007662835249,0.6447368421052632,0.9274193548387096,0.9486166007905138,0.5490909090909091,0.7707317073170732,0.6890756302521008,0.7950819672131147,0.606694560669456,0.6732283464566929,0.6218905472636815
align-siglip+500m-things+hyp-abl30-7,0.8979183346677342,0.0,0.967509025270758,0.6956521739130435,0.9877750611246944,0.8497409326424871,0.9745762711864406,0.925925925925926,0.9493670886075948,0.9085365853658536,0.9069767441860463,0.7536231884057971,0.8507462686567164,0.959349593495935,0.923728813559322,0.9239130434782608,0.794392523364486,0.940828402366864,0.9239130434782608,0.9939024390243902,0.8942307692307693,0.9088937093275488,0.913793103448276,0.8680555555555556,0.8275862068965517,0.8308823529411765,0.9,0.8359375,0.9051724137931034,0.8931297709923665,0.8738738738738738,0.8828828828828829,0.7126436781609196,0.95,0.9486166007905138,0.9426229508196722,0.7976190476190477,0.902097902097902,0.895,0.9105691056910568,0.8583333333333333,0.8936170212765957,0.8433734939759037,0.9636363636363636,0.8294573643410853,0.936,0.952755905511811,0.825503355704698,0.8723404255319149,0.872093023255814,0.6758620689655173,0.9615384615384616,0.8297872340425532,0.856,0.9175257731958762
align-dinov2+500m-things+hyp-abl30cat-7,0.7297172533179458,0.0,,0.7672955974842768,,,,0.7355072463768116,,0.5169902912621359,0.7106227106227107,0.6350710900473934,,0.8369565217391305,0.8932806324110671,,,,,0.9484536082474226,0.7965367965367965,0.6394891944990176,,,,0.8201754385964912,0.8527918781725888,,,0.8832684824902723,,0.7128205128205128,,0.9267399267399268,,,,0.8435374149659864,0.4553376906318083,0.7074829931972789,0.565068493150685,0.7488372093023256,,0.726530612244898,0.6896551724137931,0.6885964912280702,0.6330645161290323,0.9683794466403162,,0.751219512195122,0.6890756302521008,0.7172131147540983,,0.7519685039370079,0.8407960199004975
align-siglip+1b-things+hyp-abl30-7,0.9331465172137712,0.0,0.9530685920577616,0.7971014492753623,0.9975550122249388,0.8497409326424871,0.9915254237288136,0.9333333333333332,0.9367088607594936,0.951219512195122,0.9612403100775194,0.9130434782608696,0.9701492537313432,0.943089430894309,0.9152542372881356,0.9565217391304348,0.9065420560747663,0.9467455621301776,1.0,1.0,0.9134615384615384,0.9522776572668112,0.9224137931034484,0.8055555555555556,0.8793103448275862,0.8455882352941176,0.9222222222222224,0.953125,0.9224137931034484,0.9694656488549618,0.963963963963964,0.8558558558558559,0.8850574712643678,0.975,1.0,0.9344262295081968,0.9404761904761904,0.951048951048951,0.9,0.91869918699187,0.825,0.925531914893617,0.891566265060241,1.0,0.7829457364341085,0.976,0.9921259842519684,1.0,0.8865248226950354,0.9883720930232558,0.8275862068965517,0.9307692307692308,0.9361702127659576,0.872,1.0
align-dinosiglip+500m-things+hyp-abl70-218,0.7519374177511332,0.0,0.8,0.4222222222222222,0.9413407821229052,0.6676557863501483,0.6844444444444444,0.7063492063492064,0.852233676975945,0.8297213622291022,0.8192307692307692,0.7202380952380952,0.6608695652173913,0.8475750577367206,0.6832579185520362,0.78125,0.5192307692307693,0.8425925925925926,0.8584905660377359,0.8740740740740741,0.625,0.944632768361582,0.5,0.72265625,0.7247191011235955,0.6903553299492385,0.8834355828220859,0.6731517509727627,0.7287234042553191,0.8681818181818182,0.7473118279569892,0.6648648648648648,0.6329113924050633,0.7751004016064257,0.8864628820960698,0.6972477064220184,0.7219512195121951,0.8409090909090909,0.7956403269754768,0.6111111111111112,0.6751054852320675,0.859375,0.5706214689265536,0.7293577981651376,0.6682027649769585,0.6171171171171171,0.8411214953271028,0.6748971193415638,0.5085470085470085,0.6470588235294118,0.5571428571428572,0.6210045662100456,0.6802030456852792,0.7702702702702703,0.4775280898876404
align-dinov2+1b-llama-chat-things+hyp-abl70-42,0.785348735195204,0.0,0.88,0.5259259259259259,0.9385474860335196,0.7774480712166172,0.5822222222222222,0.7817460317460317,0.9106529209621992,0.7461300309597523,0.6923076923076923,0.7976190476190477,0.7347826086956522,0.8406466512702079,0.8190045248868778,0.765625,0.7211538461538461,0.9135802469135802,0.7783018867924528,0.8037037037037037,0.855,0.9242937853107344,0.5955056179775281,0.765625,0.5337078651685393,0.7461928934010152,0.9263803680981596,0.7276264591439688,0.6648936170212766,0.8681818181818182,0.532258064516129,0.6918918918918919,0.7911392405063291,0.8795180722891566,0.9192139737991266,0.7935779816513762,0.7219512195121951,0.9128787878787878,0.8038147138964578,0.7222222222222222,0.7215189873417721,0.7760416666666666,0.7627118644067796,0.7889908256880734,0.7188940092165899,0.5990990990990991,0.8037383177570093,0.823045267489712,0.6752136752136753,0.6631016042780749,0.6952380952380952,0.7671232876712328,0.6294416243654822,0.7252252252252253,0.6573033707865169
align-dinosiglip+1b-llama-things+hyp-abl10-218,0.9124809741248098,0.0,0.8686868686868687,0.84375,0.9772727272727272,0.8301886792452831,1.0,1.0,1.0,0.896551724137931,0.9714285714285714,0.8571428571428571,1.0,0.9772727272727272,0.9722222222222222,1.0,0.8648648648648649,0.9322033898305084,0.9375,0.967741935483871,1.0,0.956043956043956,0.9047619047619048,0.8163265306122449,0.7878787878787878,1.0,0.8846153846153846,0.8947368421052632,0.913793103448276,0.8709677419354839,0.9,0.9310344827586208,1.0,0.9375,1.0,1.0,0.7045454545454546,1.0,0.8955223880597015,0.8297872340425532,0.7666666666666667,0.875,0.8611111111111112,0.9032258064516128,0.6595744680851063,1.0,0.9166666666666666,0.9444444444444444,0.7333333333333333,0.8571428571428571,0.5925925925925926,0.8947368421052632,0.8125,0.8983050847457628,0.9318181818181818
align-siglip+1b-things+hyp-abl10-7,0.9448249619482496,0.0,0.9292929292929292,1.0,1.0,0.8113207547169812,1.0,0.9491525423728814,0.9454545454545454,0.913793103448276,0.9714285714285714,0.8095238095238095,0.9736842105263158,0.9886363636363636,0.8888888888888888,1.0,0.918918918918919,0.9322033898305084,0.8958333333333334,0.9838709677419356,1.0,0.978021978021978,1.0,0.8571428571428571,0.7575757575757576,1.0,0.8846153846153846,0.8947368421052632,0.9310344827586208,1.0,1.0,0.896551724137931,0.9473684210526316,0.9375,1.0,1.0,0.9090909090909092,1.0,1.0,0.9361702127659576,0.9333333333333332,0.875,0.8888888888888888,1.0,0.8085106382978723,1.0,0.95,1.0,0.9111111111111112,0.8857142857142857,0.925925925925926,0.8947368421052632,0.9166666666666666,0.9322033898305084,0.9090909090909092
align-dinosiglip+1b-llama-things+hyp-abl50-42,0.8864039758608449,0.0,0.96448087431694,0.8076923076923077,0.9629005059021922,0.8409893992932862,0.9573170731707316,0.8529411764705882,0.9218106995884774,0.8102189781021898,0.9468599033816424,0.8923076923076924,0.900497512437811,0.9267605633802816,0.9488636363636364,0.8176100628930818,0.7657142857142857,0.9416342412451362,0.9473684210526316,0.990521327014218,0.8786127167630058,0.9293478260869564,0.7735849056603774,0.8372093023255814,0.8473282442748091,0.8770949720670391,0.9452054794520548,0.8287037037037037,0.8040540540540541,0.8883248730964467,0.8591549295774648,0.950354609929078,0.8851351351351351,0.9696969696969696,0.9893333333333332,0.9244186046511628,0.6763005780346821,0.9511111111111112,0.890625,0.8075117370892019,0.7808988764044944,0.9473684210526316,0.8370786516853933,0.847457627118644,0.776595744680851,0.9349112426035504,0.8961748633879781,0.8798076923076923,0.8055555555555556,0.8873239436619719,0.7192982456140351,0.9497206703910616,0.7577639751552795,0.7980295566502463,0.8768115942028986
align-siglip+500m-things+hyp-abl10-7,0.936834094368341,0.0,0.898989898989899,0.96875,1.0,0.8301886792452831,1.0,1.0,0.9636363636363636,0.9827586206896552,1.0,1.0,1.0,1.0,1.0,1.0,0.972972972972973,0.9322033898305084,0.8541666666666666,0.935483870967742,0.92,0.9505494505494504,0.9047619047619048,0.8163265306122449,0.696969696969697,0.984375,0.9230769230769232,0.868421052631579,0.896551724137931,0.967741935483871,0.8666666666666667,0.896551724137931,1.0,0.9375,1.0,0.9361702127659576,0.9090909090909092,1.0,0.9253731343283582,0.8936170212765957,0.7666666666666667,0.90625,0.8333333333333334,0.967741935483871,0.8723404255319149,1.0,0.95,1.0,0.9555555555555556,0.8857142857142857,0.7777777777777778,0.8947368421052632,0.9166666666666666,1.0,0.9318181818181818
align-dinosiglip+500m-things-42,0.5973124442746147,0.0,0.4958333333333333,0.3647798742138364,0.4475347661188369,0.6113861386138614,0.4981549815498155,0.5253623188405797,0.5926966292134831,0.5533980582524272,0.6776556776556777,0.5734597156398105,0.6787003610108303,0.5891304347826087,0.5296442687747036,0.7309417040358744,0.5229357798165137,0.5975903614457831,0.5657894736842105,0.7285223367697594,0.4199134199134199,0.8831041257367387,0.5104166666666666,0.5784313725490197,0.5297029702970297,0.5789473684210527,0.6548223350253807,0.7248322147651006,0.4356435643564356,0.7859922178988327,0.5811965811965812,0.5076923076923077,0.4093264248704663,0.8168498168498168,0.5019455252918288,0.6,0.5606060606060606,0.7448979591836735,0.5925925925925926,0.5510204081632653,0.5821917808219178,0.5581395348837209,0.6051282051282051,0.5877551020408164,0.5440613026819924,0.5219298245614035,0.7661290322580645,0.6126482213438735,0.5963636363636363,0.5707317073170731,0.5672268907563025,0.6229508196721312,0.5481171548117155,0.5787401574803149,0.4825870646766169
align-dinov2+500m-things+hyp-abl30-7-random,0.7899653055777955,0.0,0.8700361010830325,0.8260869565217391,0.9511002444987776,0.7927461139896373,0.7033898305084746,0.8,0.8291139240506329,0.7682926829268293,0.8294573643410853,0.3623188405797101,0.5522388059701493,0.8455284552845529,0.9322033898305084,0.6630434782608695,0.897196261682243,0.6568047337278107,0.8586956521739131,0.7987804878048781,0.6442307692307693,0.9240780911062908,0.6810344827586207,0.5347222222222222,0.6637931034482759,0.7647058823529411,0.8888888888888888,0.734375,0.75,0.7251908396946565,0.7027027027027027,0.8828828828828829,0.7471264367816092,0.8416666666666667,0.8893280632411067,0.7213114754098361,0.6547619047619048,0.916083916083916,0.705,0.8211382113821138,0.6166666666666667,0.925531914893617,0.8795180722891566,0.8454545454545455,0.7209302325581395,0.72,0.8740157480314961,0.8791946308724832,0.6879432624113475,0.7906976744186046,0.6551724137931034,0.8076923076923077,0.6808510638297872,0.744,0.8969072164948454
align-dinov2+1b-llama-chat-things+hyp-abl40cat-7,0.812210338680927,0.0,0.8375,,0.6548672566371682,0.8613861386138614,0.8671586715867159,,,0.7694174757281553,0.8827838827838828,0.7156398104265402,,,0.9209486166007904,0.7802690582959642,0.8165137614678899,,0.9605263157894736,0.9140893470790378,,,0.84375,,0.8514851485148515,0.8859649122807017,0.9289340101522844,0.8154362416107382,0.7475247524752475,,0.8547008547008547,0.7435897435897436,0.8393782383419689,0.9413919413919414,0.9357976653696498,0.7615384615384615,0.625,0.9761904761904762,0.5686274509803921,,0.7705479452054794,0.9116279069767442,0.917948717948718,0.8163265306122449,0.789272030651341,,0.8266129032258065,0.932806324110672,0.7563636363636363,,0.726890756302521,0.8729508196721312,0.698744769874477,0.7519685039370079,0.8109452736318408
align-dinov2+1b-llama-things+hyp-abl50-42,0.8929712460063898,0.0,0.9480874316939892,0.8692307692307693,0.9713322091062394,0.8692579505300353,0.9573170731707316,0.8529411764705882,0.9300411522633744,0.8394160583941606,0.9468599033816424,0.8615384615384616,0.9154228855721394,0.9605633802816902,0.8977272727272727,0.8301886792452831,0.7942857142857143,0.8988326848249028,0.953216374269006,1.0,0.8728323699421965,0.9239130434782608,0.7232704402515723,0.8046511627906977,0.8931297709923665,0.8603351955307262,0.9383561643835616,0.9074074074074074,0.945945945945946,0.9238578680203046,0.9788732394366196,0.8723404255319149,0.8716216216216216,0.9545454545454546,0.9786666666666668,0.8430232558139535,0.7341040462427746,0.9511111111111112,0.9140625,0.784037558685446,0.8764044943820225,0.935672514619883,0.8595505617977528,0.7909604519774012,0.7819148936170213,0.9349112426035504,0.9016393442622952,0.9182692307692308,0.7666666666666667,0.8802816901408451,0.7309941520467836,0.9441340782122905,0.8322981366459627,0.8078817733990148,0.8840579710144928
align-dinov2+1b-llama-things+hyp-abl10-218,0.9227549467275494,0.0,0.898989898989899,0.96875,0.9924242424242424,0.7924528301886793,0.9444444444444444,1.0,0.9454545454545454,0.8793103448275862,1.0,0.8095238095238095,1.0,0.9886363636363636,0.9722222222222222,1.0,0.918918918918919,0.9322033898305084,0.9375,0.967741935483871,0.94,0.9505494505494504,0.8095238095238095,0.8571428571428571,1.0,0.96875,0.8846153846153846,0.8947368421052632,0.9482758620689656,1.0,0.9666666666666668,0.8620689655172413,0.868421052631579,0.9375,1.0,1.0,0.8181818181818182,1.0,0.9402985074626866,0.8297872340425532,0.7666666666666667,0.875,1.0,1.0,0.8936170212765957,1.0,0.9333333333333332,0.9814814814814816,0.6888888888888889,0.8857142857142857,0.5185185185185185,0.9210526315789472,0.75,0.8813559322033898,0.9090909090909092
align-dinosiglip+1b-llama-chat-things+hyp-abl50-42,0.873269435569755,0.0,0.9590163934426228,0.6,0.9527824620573356,0.8621908127208481,0.8719512195121951,0.8137254901960784,0.8600823045267489,0.8357664233576643,0.9130434782608696,0.8307692307692308,0.8059701492537313,0.9267605633802816,0.9488636363636364,0.7610062893081762,0.76,0.9455252918287936,0.9415204678362572,0.971563981042654,0.9248554913294798,0.9171195652173914,0.6792452830188679,0.7674418604651163,0.7862595419847328,0.8324022346368715,0.9383561643835616,0.9305555555555556,0.8108108108108109,0.964467005076142,0.8943661971830986,0.9574468085106383,0.8243243243243243,0.9494949494949496,0.912,0.8837209302325582,0.791907514450867,0.9866666666666668,0.90625,0.8732394366197183,0.7528089887640449,0.9239766081871345,0.8539325842696629,0.7740112994350282,0.7712765957446809,0.8402366863905325,0.9016393442622952,0.8413461538461539,0.7666666666666667,0.8943661971830986,0.7076023391812866,0.8994413407821229,0.9440993788819876,0.7783251231527094,0.8768115942028986
align-siglip+1b-llama-chat-things+hyp-abl10-42,0.932648401826484,0.0,0.9292929292929292,0.84375,0.9772727272727272,0.7924528301886793,1.0,0.9661016949152542,0.9090909090909092,0.913793103448276,1.0,0.8571428571428571,0.9736842105263158,1.0,0.9722222222222222,0.9473684210526316,0.8378378378378378,0.9830508474576272,0.8541666666666666,0.967741935483871,0.94,0.978021978021978,0.8571428571428571,0.8775510204081632,0.7878787878787878,1.0,0.8846153846153846,0.8947368421052632,0.9482758620689656,0.7741935483870968,0.9333333333333332,1.0,1.0,0.9375,1.0,0.9361702127659576,0.7727272727272727,1.0,0.9701492537313432,0.9148936170212766,0.8333333333333334,0.90625,0.9444444444444444,1.0,0.9574468085106383,0.9782608695652174,0.95,0.9629629629629628,1.0,0.8285714285714286,0.7037037037037037,0.9210526315789472,0.9166666666666666,0.864406779661017,0.9318181818181818
align-dinov2+1b-things+hyp-abl70-218,0.8639420967977774,0.0,0.9511111111111112,0.8962962962962963,0.9553072625698324,0.7922848664688428,0.8533333333333334,0.9047619047619048,0.9347079037800688,0.8854489164086687,0.8807692307692307,0.7738095238095238,0.8913043478260869,0.9099307159353348,0.8959276018099548,0.78125,0.7932692307692307,0.9135802469135802,0.9528301886792452,0.9518518518518518,0.86,0.9231638418079096,0.6797752808988764,0.796875,0.7640449438202247,0.8375634517766497,0.9386503067484664,0.8287937743190662,0.8563829787234043,0.9181818181818182,0.8655913978494624,0.6864864864864865,0.8987341772151899,0.9477911646586346,0.945414847161572,0.6834862385321101,0.7853658536585366,0.9659090909090908,0.888283378746594,0.7142857142857143,0.8185654008438819,0.9427083333333334,0.8305084745762712,0.8532110091743119,0.7327188940092166,0.8378378378378378,0.897196261682243,0.9135802469135802,0.8418803418803419,0.8288770053475936,0.6619047619047619,0.8310502283105022,0.7918781725888325,0.7522522522522522,0.7640449438202247
align-dinosiglip+1b-llama-chat-things-218,0.5873774041523373,0.0,0.6916666666666667,0.4968553459119497,0.472819216182048,0.6237623762376238,0.4760147601476014,0.6811594202898551,0.4410112359550562,0.4514563106796116,0.6410256410256411,0.4834123222748815,0.6750902527075813,0.8195652173913044,0.6403162055335968,0.4663677130044843,0.573394495412844,0.5277108433734939,0.6096491228070176,0.711340206185567,0.3636363636363636,0.6709233791748527,0.5885416666666666,0.5947712418300654,0.5396039603960396,0.7412280701754386,0.6446700507614214,0.6610738255033557,0.4306930693069307,0.669260700389105,0.4786324786324786,0.5282051282051282,0.5233160621761658,0.7472527472527473,0.5680933852140078,0.6153846153846154,0.6287878787878788,0.5782312925170068,0.7080610021786492,0.6428571428571429,0.6678082191780822,0.6325581395348837,0.5538461538461539,0.5755102040816327,0.5095785440613027,0.425438596491228,0.4637096774193548,0.6956521739130435,0.48,0.6731707317073171,0.5252100840336135,0.5983606557377049,0.5523012552301255,0.531496062992126,0.373134328358209
align-dinov2+1b-llama-chat-things+hyp-abl90-218,0.7702827087442472,0.0,0.9125,0.7516778523489933,0.9405684754521964,0.7275064267352185,0.7246963562753036,0.8970588235294118,0.8068181818181818,0.7045454545454546,0.7290076335877863,0.6834170854271356,0.6816479400749064,0.8434782608695652,0.7740585774058577,0.705607476635514,0.7368421052631579,0.9002557544757033,0.793859649122807,0.8381294964028777,0.8268398268398268,0.8952668680765358,0.609375,0.6883561643835616,0.6170212765957447,0.8506787330316742,0.8984771573604061,0.8398576512455516,0.5364583333333334,0.8582995951417004,0.6946902654867256,0.578125,0.7409326424870466,0.8764044943820225,0.8908730158730159,0.6285714285714286,0.6907630522088354,0.954225352112676,0.8056872037914692,0.6654804270462633,0.7204301075268817,0.7368421052631579,0.7801047120418848,0.6695278969957081,0.5465116279069767,0.5045045045045045,0.8306451612903226,0.8866396761133604,0.5617977528089888,0.6584158415841584,0.6468085106382979,0.6624472573839663,0.5757575757575758,0.664,0.702020202020202
align-dinosiglip+1b-llama-things-218,0.5233091325945739,0.0,0.7166666666666667,0.3962264150943396,0.7408343868520859,0.3787128712871287,0.5166051660516605,0.6159420289855072,0.3904494382022472,0.4368932038834951,0.4175824175824176,0.3175355450236967,0.6101083032490975,0.6804347826086956,0.3636363636363636,0.4349775784753363,0.4220183486238532,0.5710843373493976,0.4429824561403508,0.5910652920962199,0.3203463203463203,0.8290766208251473,0.484375,0.4477124183006536,0.3811881188118812,0.4868421052631579,0.6040609137055838,0.5067114093959731,0.2772277227722772,0.603112840466926,0.2606837606837607,0.6153846153846154,0.3471502590673575,0.6410256410256411,0.72568093385214,0.4461538461538462,0.4924242424242424,0.4693877551020408,0.4793028322440087,0.4523809523809524,0.4486301369863014,0.3813953488372093,0.5025641025641026,0.5102040816326531,0.421455938697318,0.4210526315789473,0.4798387096774194,0.5296442687747036,0.44,0.5121951219512195,0.5126050420168067,0.4221311475409836,0.3514644351464435,0.5275590551181102,0.3681592039800995
align-dinov2+500m-things+hyp-abl10-218-random,0.8489345509893456,0.0,0.8787878787878788,0.96875,0.9242424242424242,0.6792452830188679,0.8611111111111112,0.9152542372881356,1.0,0.6551724137931034,1.0,0.5714285714285714,0.9736842105263158,0.9431818181818182,0.5555555555555556,1.0,0.8918918918918919,0.847457627118644,0.9583333333333334,0.8548387096774194,1.0,0.8956043956043956,0.7857142857142857,0.8163265306122449,0.6666666666666666,0.953125,0.7692307692307693,0.7894736842105263,0.9482758620689656,0.8387096774193549,0.9333333333333332,0.7586206896551724,0.8421052631578947,0.8125,0.9625,0.9361702127659576,0.7272727272727273,0.5769230769230769,0.8805970149253731,0.7872340425531915,0.6666666666666666,0.90625,0.9166666666666666,0.8064516129032258,0.6808510638297872,0.9130434782608696,0.75,0.8333333333333334,0.6,0.7714285714285715,0.7777777777777778,0.8947368421052632,0.8125,0.7966101694915254,0.8636363636363636
align-dinov2+1b-llama-chat-things+hyp-abl10cat-42,0.8632946001367054,0.0,,,,,,,,,,,0.8953068592057761,,,0.8251121076233184,,,,,,,,,,,,,0.7623762376237624,,,,,0.956043956043956,0.8832684824902723,,,,0.8671023965141612,,,,,,,,0.9435483870967742,0.9565217391304348,,,0.7058823529411765,,0.7656903765690377,,
align-dinov2+1b-things+hyp-abl70-7,0.8684018131305746,0.0,0.9044444444444444,0.5851851851851851,0.962290502793296,0.8130563798219584,0.8977777777777778,0.8888888888888888,0.9278350515463918,0.8544891640866873,0.9076923076923076,0.8690476190476191,0.9130434782608696,0.9099307159353348,0.8280542986425339,0.7604166666666666,0.8028846153846154,0.9351851851851852,0.9009433962264152,0.9444444444444444,0.89,0.91864406779661,0.8202247191011236,0.82421875,0.7584269662921348,0.8426395939086294,0.9386503067484664,0.8754863813229572,0.7606382978723404,0.8681818181818182,0.8870967741935484,0.8216216216216217,0.9240506329113924,0.9397590361445785,0.962882096069869,0.7798165137614679,0.7804878048780488,0.9772727272727272,0.8937329700272479,0.7261904761904762,0.8312236286919831,0.890625,0.8870056497175142,0.8761467889908257,0.7741935483870968,0.7432432432432432,0.883177570093458,0.9300411522633744,0.8162393162393162,0.8235294117647058,0.6476190476190476,0.7945205479452054,0.817258883248731,0.8873873873873874,0.848314606741573
align-siglip+500m-things+hyp-abl10-42,0.9337899543378996,0.0,0.9292929292929292,0.59375,0.9924242424242424,0.8679245283018868,1.0,1.0,0.9454545454545454,0.9827586206896552,0.9428571428571428,0.8095238095238095,1.0,1.0,0.9444444444444444,1.0,0.918918918918919,1.0,0.875,0.9193548387096774,0.98,0.9725274725274724,0.8095238095238095,0.7959183673469388,0.8787878787878788,0.953125,1.0,0.8947368421052632,0.9655172413793104,1.0,0.9,1.0,0.9473684210526316,0.9375,1.0,0.9361702127659576,0.7727272727272727,1.0,0.9552238805970148,0.9148936170212766,0.8333333333333334,0.78125,0.8611111111111112,0.9032258064516128,0.9787234042553192,1.0,0.9166666666666666,0.9629629629629628,0.8222222222222222,0.8857142857142857,0.7777777777777778,0.9473684210526316,0.8958333333333334,1.0,0.9545454545454546
align-dinov2+500m-things-218-random,0.5110813909056171,0.0,0.46875,0.1698113207547169,0.7914032869785083,0.5297029702970297,0.4428044280442804,0.5869565217391305,0.3314606741573033,0.3762135922330097,0.5384615384615384,0.4218009478672986,0.4873646209386281,0.4891304347826087,0.6245059288537549,0.5201793721973094,0.4403669724770642,0.6337349397590362,0.5877192982456141,0.5498281786941581,0.3636363636363636,0.6404715127701375,0.5364583333333334,0.5490196078431373,0.4504950495049505,0.3552631578947368,0.6395939086294417,0.5335570469798657,0.4801980198019802,0.5797665369649806,0.6538461538461539,0.5128205128205128,0.5077720207253886,0.6336996336996337,0.5136186770428015,0.4884615384615384,0.3939393939393939,0.445578231292517,0.6056644880174292,0.5578231292517006,0.5856164383561644,0.3441860465116279,0.2769230769230769,0.4612244897959183,0.3639846743295019,0.5043859649122807,0.3104838709677419,0.3596837944664031,0.4436363636363636,0.6048780487804878,0.4747899159663865,0.4385245901639344,0.4435146443514644,0.437007874015748,0.3980099502487562
align-dinov2+1b-llama-things+hyp-abl50-218,0.8973198438054668,0.0,0.9453551912568308,0.8153846153846154,0.9713322091062394,0.8692579505300353,0.9329268292682928,0.9166666666666666,0.9382716049382716,0.8613138686131386,0.932367149758454,0.9153846153846154,0.965174129353234,0.9154929577464788,0.9147727272727272,0.8176100628930818,0.8457142857142858,0.8871595330739299,0.9473684210526316,0.981042654028436,0.8786127167630058,0.9225543478260868,0.8176100628930818,0.7767441860465116,0.900763358778626,0.8268156424581006,0.958904109589041,0.8888888888888888,0.8918918918918919,0.9441624365482234,0.9154929577464788,0.8014184397163121,0.8581081081081081,0.9646464646464646,0.9786666666666668,0.9069767441860463,0.7745664739884393,0.9822222222222222,0.921875,0.8356807511737089,0.8932584269662921,0.935672514619883,0.8820224719101124,0.903954802259887,0.7606382978723404,0.8875739644970414,0.8907103825136612,0.9759615384615384,0.7777777777777778,0.7746478873239436,0.8128654970760234,0.8994413407821229,0.8012422360248447,0.8275862068965517,0.9202898550724636
align-dinov2+500m-things+hyp-abl10-42-random,0.8592085235920852,0.0,0.8787878787878788,0.9375,0.9545454545454546,0.7547169811320755,1.0,0.9830508474576272,0.9090909090909092,0.8103448275862069,0.9142857142857144,0.8095238095238095,0.8157894736842105,0.9204545454545454,0.7222222222222222,1.0,0.8918918918918919,0.7288135593220338,0.8125,0.8064516129032258,0.92,0.9725274725274724,0.7619047619047619,0.8163265306122449,0.696969696969697,0.9375,0.9230769230769232,0.868421052631579,0.8448275862068966,0.935483870967742,0.8,0.7241379310344828,0.9736842105263158,0.9166666666666666,0.975,0.9148936170212766,0.6818181818181818,0.7692307692307693,0.8208955223880597,0.7872340425531915,0.8,0.90625,0.9722222222222222,0.967741935483871,0.7872340425531915,0.6956521739130435,0.95,0.7777777777777778,0.5777777777777777,0.7142857142857143,0.7777777777777778,0.8157894736842105,0.7291666666666666,0.7627118644067796,0.9545454545454546
align-dinov2+1b-llama-things+hyp-abl40cat-42,0.8262032085561497,0.0,0.9333333333333332,,0.9190897597977244,0.5816831683168316,0.9077490774907748,,,0.6723300970873787,0.912087912087912,0.6208530805687204,,,0.9407114624505928,0.726457399103139,0.8577981651376146,,0.9605263157894736,0.9312714776632304,,,0.8489583333333334,,0.7821782178217822,0.868421052631579,0.9543147208121828,0.8859060402684564,0.7574257425742574,,0.8034188034188035,0.8564102564102564,0.8652849740932642,0.9377289377289376,0.9591439688715954,0.823076923076923,0.6363636363636364,0.9659863945578232,0.7298474945533769,,0.726027397260274,0.8651162790697674,0.9076923076923076,0.7918367346938775,0.7547892720306514,,0.8104838709677419,0.9604743083003952,0.7345454545454545,,0.7100840336134454,0.8319672131147541,0.6778242677824268,0.7598425196850394,0.7213930348258707
align-dinov2+1b-llama-chat-things+hyp-abl40cat-218,0.8405525846702318,0.0,0.9229166666666668,,0.8925410872313527,0.8465346534653465,0.8523985239852399,,,0.6796116504854369,0.8864468864468864,0.8767772511848341,,,0.932806324110672,0.820627802690583,0.8256880733944955,,0.9517543859649122,0.8487972508591065,,,0.8385416666666666,,0.7821782178217822,0.868421052631579,1.0,0.8926174496644296,0.7574257425742574,,0.8717948717948718,0.8256410256410256,0.8601036269430051,0.9377289377289376,0.9747081712062255,0.7961538461538461,0.6212121212121212,0.9897959183673468,0.8649237472766884,,0.7123287671232876,0.7534883720930232,0.8871794871794871,0.8612244897959184,0.7471264367816092,,0.8064516129032258,0.9683794466403162,0.7781818181818182,,0.6596638655462185,0.7991803278688525,0.6778242677824268,0.7598425196850394,0.7164179104477612
align-dinov2+500m-things+hyp-abl40cat-42,0.7549019607843137,0.0,0.7020833333333333,,0.7737041719342604,0.7945544554455446,0.8191881918819188,,,0.5533980582524272,0.8498168498168498,0.6066350710900474,,,0.7984189723320159,0.6591928251121076,0.8256880733944955,,0.75,0.9278350515463918,,,0.6614583333333334,,0.8168316831683168,0.6885964912280702,0.9035532994923858,0.8221476510067114,0.599009900990099,,0.782051282051282,0.5794871794871795,0.8290155440414507,0.9377289377289376,0.7782101167315175,0.7153846153846154,0.6666666666666666,0.9149659863945578,0.7777777777777778,,0.6335616438356164,0.8372093023255814,0.882051282051282,0.5918367346938775,0.7203065134099617,,0.8669354838709677,0.841897233201581,0.7127272727272728,,0.6890756302521008,0.75,0.6276150627615062,0.6929133858267716,0.7960199004975125
align-siglip+1b-llama-things+hyp-abl10-7,0.941400304414003,0.0,0.9292929292929292,0.875,0.9924242424242424,0.8301886792452831,1.0,0.9491525423728814,0.8727272727272727,0.9310344827586208,1.0,0.8571428571428571,1.0,0.9886363636363636,1.0,1.0,0.945945945945946,1.0,0.875,1.0,1.0,0.9835164835164836,0.9047619047619048,0.7755102040816326,0.7575757575757576,1.0,1.0,0.8421052631578947,0.9310344827586208,0.9032258064516128,1.0,0.8620689655172413,1.0,0.9375,1.0,1.0,0.8409090909090909,1.0,0.9701492537313432,0.8723404255319149,0.9,0.9375,0.8888888888888888,1.0,0.7659574468085106,0.9782608695652174,0.95,1.0,0.8666666666666667,0.8857142857142857,0.925925925925926,0.9210526315789472,0.9166666666666666,1.0,0.9318181818181818
align-dinov2+500m-things+hyp-abl10-7-random,0.865296803652968,0.0,0.898989898989899,0.875,0.9848484848484848,0.8679245283018868,0.8611111111111112,0.9830508474576272,0.8909090909090909,0.8448275862068966,1.0,0.8095238095238095,0.8421052631578947,0.8863636363636364,0.6944444444444444,0.8421052631578947,0.7567567567567568,0.847457627118644,0.9375,0.8387096774193549,1.0,0.9615384615384616,0.8095238095238095,0.6530612244897959,0.5757575757575758,0.9375,0.6923076923076923,0.8421052631578947,0.896551724137931,0.967741935483871,0.9,0.7586206896551724,0.7368421052631579,0.875,0.9625,0.8297872340425532,0.7954545454545454,0.8076923076923077,0.7164179104477612,0.8936170212765957,0.5,0.90625,0.8611111111111112,0.935483870967742,0.851063829787234,0.9347826086956522,0.8833333333333333,0.9074074074074074,0.6666666666666666,0.8285714285714286,0.7777777777777778,0.868421052631579,0.75,0.8813559322033898,0.9772727272727272
align-siglip+1b-llama-chat-things+hyp-abl90-7,0.762853385930309,0.0,0.8604166666666667,0.6711409395973155,0.8255813953488372,0.7326478149100257,0.7732793522267206,0.8897058823529411,0.8465909090909091,0.6843434343434344,0.8244274809160306,0.5477386934673367,0.7265917602996255,0.8891304347826087,0.6736401673640168,0.7850467289719626,0.7416267942583732,0.9028132992327366,0.706140350877193,0.8381294964028777,0.6147186147186147,0.916414904330312,0.734375,0.6506849315068494,0.6436170212765957,0.8190045248868778,0.8375634517766497,0.8362989323843416,0.59375,0.7935222672064778,0.672566371681416,0.6666666666666666,0.6321243523316062,0.8726591760299626,0.9107142857142856,0.710204081632653,0.7429718875502008,0.8591549295774648,0.8436018957345972,0.6761565836298933,0.6093189964157706,0.8229665071770335,0.7277486910994765,0.6094420600858369,0.5891472868217055,0.7117117117117117,0.7258064516129032,0.854251012145749,0.5205992509363296,0.6138613861386139,0.7361702127659574,0.7130801687763713,0.6623376623376623,0.64,0.6313131313131313
align-dinosiglip+1b-llama-things+hyp-abl90-218,0.6859960552268245,0.0,0.8625,0.4899328859060403,0.8604651162790697,0.4781491002570694,0.6153846153846154,0.7279411764705882,0.7102272727272727,0.6161616161616161,0.4541984732824427,0.592964824120603,0.5730337078651685,0.8478260869565217,0.6527196652719666,0.5700934579439252,0.5789473684210527,0.8644501278772379,0.7807017543859649,0.7697841726618705,0.5367965367965368,0.9023162134944612,0.65625,0.6267123287671232,0.601063829787234,0.7873303167420814,0.8477157360406091,0.6761565836298933,0.5989583333333334,0.8016194331983806,0.5265486725663717,0.515625,0.4922279792746113,0.846441947565543,0.7837301587301587,0.6122448979591837,0.5220883534136547,0.6408450704225352,0.7938388625592417,0.5658362989323843,0.6379928315412187,0.6650717703349283,0.6387434554973822,0.5364806866952789,0.4883720930232558,0.509009009009009,0.782258064516129,0.8016194331983806,0.5355805243445693,0.6831683168316832,0.5617021276595745,0.620253164556962,0.6017316017316018,0.584,0.6363636363636364
align-dinov2+1b-llama-chat-things+hyp-abl30-7,0.9129970643181212,0.0,0.9494584837545126,0.927536231884058,0.9975550122249388,0.8652849740932642,0.8898305084745762,0.9407407407407408,0.9683544303797468,0.9085365853658536,0.9224806201550388,0.8695652173913043,0.9402985074626866,0.951219512195122,0.9152542372881356,0.9347826086956522,0.8785046728971962,0.9585798816568049,0.9891304347826086,1.0,0.9423076923076924,0.9240780911062908,0.9913793103448276,0.7777777777777778,0.8793103448275862,0.7867647058823529,0.9777777777777776,0.953125,0.9224137931034484,0.9618320610687024,0.963963963963964,0.8738738738738738,0.9540229885057472,0.9666666666666668,0.984189723320158,0.9590163934426228,0.8095238095238095,0.9790209790209792,0.91,0.902439024390244,0.7583333333333333,0.8829787234042553,0.8795180722891566,0.9,0.8062015503875969,0.824,0.9133858267716536,0.9798657718120806,0.8439716312056738,0.9302325581395348,0.696551724137931,0.953846153846154,0.6595744680851063,0.784,0.9278350515463918
align-dinov2+500m-things+hyp-abl20cat-7,0.7843722563652327,0.0,0.9458333333333332,,,0.7698019801980198,0.8044280442804428,,,0.5315533980582524,,,,0.8934782608695652,,,,0.9662650602409638,,,,,0.609375,,,,0.9238578680203046,,,,,0.7897435897435897,0.8497409326424871,,,,0.6931818181818182,,,,0.589041095890411,,,,0.7739463601532567,,0.8911290322580645,0.9802371541501976,0.7418181818181818,0.8195121951219512,0.6092436974789915,,0.5899581589958159,,0.7562189054726368
align-dinov2+1b-things+hyp-abl20cat-218,0.8431957857769974,0.0,0.9666666666666668,,,0.7722772277227723,0.966789667896679,,,0.6407766990291263,,,,0.932608695652174,,,,0.9686746987951808,,,,,0.8333333333333334,,,,0.9796954314720812,,,,,0.7846153846153846,0.8549222797927462,,,,0.7386363636363636,,,,0.7602739726027398,,,,0.7432950191570882,,0.935483870967742,0.984189723320158,0.7563636363636363,0.8780487804878049,0.8067226890756303,,0.6736401673640168,,0.8208955223880597
align-siglip+1b-things-218,0.8121895299961789,0.0,0.8979166666666667,0.8113207547169812,0.9557522123893806,0.7103960396039604,0.8745387453874539,0.8297101449275363,0.8539325842696629,0.6966019417475728,0.8278388278388278,0.4549763033175355,0.7942238267148014,0.8782608695652174,0.6561264822134387,0.7085201793721974,0.7935779816513762,0.9228915662650602,0.868421052631579,0.852233676975945,0.8831168831168831,0.8850687622789783,0.7083333333333334,0.7973856209150327,0.6336633663366337,0.7719298245614035,0.9137055837563453,0.7986577181208053,0.7079207920792079,0.8132295719844358,0.8290598290598291,0.6564102564102564,0.8134715025906736,0.956043956043956,0.9591439688715954,0.7423076923076923,0.7310606060606061,0.9693877551020408,0.8758169934640523,0.5204081632653061,0.8116438356164384,0.8093023255813954,0.8512820512820513,0.726530612244898,0.735632183908046,0.8333333333333334,0.9233870967741936,0.9446640316205532,0.76,0.824390243902439,0.6512605042016807,0.7336065573770492,0.6527196652719666,0.8267716535433071,0.5970149253731343
align-siglip+500m-things-42,0.7866513819895554,0.0,0.9020833333333332,0.7861635220125787,0.9279393173198482,0.745049504950495,0.7084870848708487,0.6992753623188406,0.848314606741573,0.7669902912621359,0.8205128205128205,0.5734597156398105,0.776173285198556,0.8630434782608696,0.7549407114624506,0.7130044843049327,0.7155963302752294,0.8698795180722891,0.8947368421052632,0.8591065292096219,0.7012987012987013,0.9233791748526524,0.7083333333333334,0.7549019607843137,0.5198019801980198,0.8114035087719298,0.8984771573604061,0.7516778523489933,0.698019801980198,0.8443579766536965,0.7649572649572649,0.6410256410256411,0.7979274611398963,0.9523809523809524,0.7470817120622568,0.5230769230769231,0.7007575757575758,0.8741496598639455,0.7363834422657952,0.4829931972789115,0.7465753424657534,0.7906976744186046,0.8153846153846154,0.7061224489795919,0.7432950191570882,0.7149122807017544,0.8991935483870968,0.9446640316205532,0.6618181818181819,0.8097560975609757,0.7521008403361344,0.7868852459016393,0.702928870292887,0.7992125984251969,0.8507462686567164
align-dinov2+1b-llama-things+hyp-abl40cat-7,0.8165775401069518,0.0,0.9333333333333332,,0.8862199747155499,0.7326732673267327,0.918819188191882,,,0.6140776699029126,0.9047619047619048,0.7156398104265402,,,0.8893280632411067,0.7757847533632287,0.8394495412844036,,0.9517543859649122,0.9175257731958762,,,0.8177083333333334,,0.7821782178217822,0.9078947368421052,0.9949238578680204,0.8557046979865772,0.8217821782178217,,0.7478632478632479,0.7948717948717948,0.8290155440414507,0.945054945054945,0.9221789883268484,0.7346153846153847,0.6363636363636364,0.9387755102040816,0.514161220043573,,0.773972602739726,0.9302325581395348,0.8717948717948718,0.7673469387755102,0.7471264367816092,,0.8024193548387096,0.9407114624505928,0.7745454545454545,,0.7142857142857143,0.8934426229508197,0.7154811715481172,0.7480314960629921,0.7064676616915423
align-dinov2+1b-things-7,0.8440326073111706,0.0,0.9125,0.6163522012578616,0.9064475347661188,0.7524752475247525,0.8929889298892989,0.8768115942028986,0.9382022471910112,0.7135922330097088,0.8571428571428571,0.7251184834123223,0.9205776173285198,0.9391304347826088,0.8853754940711462,0.7847533632286996,0.8853211009174312,0.927710843373494,0.881578947368421,0.9690721649484536,0.9004329004329005,0.8644400785854617,0.765625,0.7581699346405228,0.7772277227722773,0.881578947368421,0.8578680203045685,0.9194630872483222,0.698019801980198,0.9377431906614786,0.7735042735042735,0.6564102564102564,0.8238341968911918,0.912087912087912,0.8073929961089494,0.7692307692307693,0.7954545454545454,0.9217687074829932,0.8779956427015251,0.7312925170068028,0.839041095890411,0.8883720930232558,0.8717948717948718,0.8285714285714286,0.7854406130268199,0.7368421052631579,0.907258064516129,0.932806324110672,0.8618181818181818,0.848780487804878,0.7857142857142857,0.7663934426229508,0.7573221757322176,0.7677165354330708,0.8208955223880597
align-dinosiglip+1b-llama-things+hyp-abl10-7,0.9360730593607306,0.0,0.9292929292929292,0.875,1.0,0.9056603773584906,1.0,1.0,0.9454545454545454,0.8793103448275862,1.0,0.8571428571428571,0.9736842105263158,0.9886363636363636,0.9722222222222222,0.9473684210526316,0.972972972972973,0.9491525423728814,0.9166666666666666,0.9516129032258064,1.0,0.9725274725274724,0.9047619047619048,0.8571428571428571,0.9393939393939394,1.0,0.8846153846153846,0.8947368421052632,0.9482758620689656,1.0,0.9,1.0,0.9210526315789472,0.9375,1.0,0.9787234042553192,0.7727272727272727,1.0,0.9253731343283582,0.8723404255319149,0.7,0.875,0.9722222222222222,1.0,0.9361702127659576,1.0,0.85,1.0,0.7777777777777778,0.8857142857142857,0.4814814814814814,0.8947368421052632,0.9166666666666666,1.0,0.9318181818181818
align-dinov2+1b-things+hyp-abl30-218,0.9081932212436616,0.0,0.9566787003610108,0.9565217391304348,0.9975550122249388,0.8393782383419689,0.9152542372881356,0.9037037037037036,0.9556962025316456,0.9146341463414634,0.9147286821705426,0.927536231884058,0.9776119402985076,0.9308943089430894,0.9322033898305084,0.9239130434782608,1.0,0.9467455621301776,1.0,1.0,0.8557692307692307,0.8915401301518439,0.896551724137931,0.7847222222222222,0.8706896551724138,0.7941176470588235,0.9777777777777776,0.9375,0.9224137931034484,1.0,0.945945945945946,0.945945945945946,0.942528735632184,0.975,0.9802371541501976,0.9590163934426228,0.7857142857142857,0.972027972027972,0.905,0.8373983739837398,0.7916666666666666,0.9680851063829788,0.7590361445783133,0.8818181818181818,0.7906976744186046,0.904,0.9212598425196852,0.9798657718120806,0.8226950354609929,0.872093023255814,0.7310344827586207,0.8307692307692308,0.723404255319149,0.72,0.9484536082474226
align-dinov2+1b-llama-things+hyp-abl30-7,0.9077929009874568,0.0,0.9422382671480144,1.0,1.0,0.8601036269430051,0.9322033898305084,0.9333333333333332,0.981012658227848,0.9329268292682928,0.8992248062015504,0.8115942028985508,0.9328358208955224,0.9105691056910568,0.9152542372881356,0.9456521739130436,0.9158878504672896,0.9822485207100592,0.967391304347826,1.0,0.9615384615384616,0.913232104121475,0.9396551724137931,0.7777777777777778,0.9741379310344828,0.7720588235294118,0.9444444444444444,0.9296875,0.8620689655172413,0.9847328244274808,0.945945945945946,0.90990990990991,0.9080459770114944,0.975,0.9762845849802372,0.9426229508196722,0.7142857142857143,0.9790209790209792,0.875,0.8699186991869918,0.75,0.9042553191489362,0.8795180722891566,0.8636363636363636,0.7984496124031008,0.872,0.9448818897637796,0.9798657718120806,0.8085106382978723,0.8953488372093024,0.6896551724137931,0.953846153846154,0.6276595744680851,0.752,0.9587628865979382
align-dinosiglip+500m-things+hyp-abl30-7,0.855484387510008,0.0,0.9169675090252708,0.7681159420289855,0.9682151589242054,0.7979274611398963,0.7627118644067796,0.8518518518518519,0.879746835443038,0.8353658536585366,0.8372093023255814,0.6811594202898551,0.7089552238805971,0.9471544715447154,0.940677966101695,0.8260869565217391,0.9252336448598132,0.9230769230769232,0.9565217391304348,0.8780487804878049,0.7692307692307693,0.9262472885032538,0.896551724137931,0.6319444444444444,0.8103448275862069,0.7647058823529411,0.7666666666666667,0.8359375,0.8620689655172413,0.8778625954198473,0.8108108108108109,0.972972972972973,0.735632183908046,0.9416666666666668,0.9525691699604744,0.819672131147541,0.8571428571428571,0.965034965034965,0.8,0.8536585365853658,0.6166666666666667,0.8936170212765957,0.8554216867469879,0.9090909090909092,0.7984496124031008,0.856,0.8976377952755905,0.9463087248322148,0.8226950354609929,0.872093023255814,0.6275862068965518,0.9307692307692308,0.574468085106383,0.784,0.8762886597938144
align-siglip+500m-things-7,0.8544433094994893,0.0,0.9041666666666668,0.7950310559006211,0.9556962025316456,0.8448275862068966,0.7728937728937729,0.8602941176470589,0.9118457300275482,0.8223844282238443,0.8571428571428571,0.6411483253588517,0.8260869565217391,0.9407894736842104,0.8346774193548387,0.8640350877192983,0.8379629629629629,0.9156626506024096,0.8049792531120332,0.9087591240875912,0.9063829787234042,0.8842001962708538,0.631578947368421,0.8636363636363636,0.805,0.8990825688073395,0.9489795918367347,0.858085808580858,0.703125,0.8832684824902723,0.881578947368421,0.7602040816326531,0.9023255813953488,0.925925925925926,0.9226190476190476,0.8120300751879699,0.7713178294573644,0.936026936026936,0.8087912087912088,0.6357142857142857,0.726962457337884,0.8952380952380953,0.8418367346938775,0.8146551724137931,0.8345864661654135,0.9051724137931034,0.8983739837398373,0.9598393574297188,0.843065693430657,0.9142857142857144,0.8461538461538461,0.7755905511811023,0.7958333333333333,0.7580645161290323,0.8461538461538461
align-dinov2+1b-llama-chat-things+hyp-abl70-7,0.8362333674513818,0.0,0.9111111111111112,0.674074074074074,0.973463687150838,0.7804154302670623,0.8444444444444444,0.8849206349206349,0.9243986254295532,0.8142414860681114,0.8346153846153846,0.7023809523809523,0.8565217391304348,0.8706697459584296,0.8642533936651584,0.7916666666666666,0.7451923076923077,0.9166666666666666,0.8915094339622641,0.8333333333333334,0.855,0.9152542372881356,0.6966292134831461,0.80078125,0.7584269662921348,0.8274111675126904,0.9693251533742332,0.8287937743190662,0.6861702127659575,0.8090909090909091,0.8064516129032258,0.6378378378378379,0.8227848101265823,0.8795180722891566,0.9475982532751092,0.8853211009174312,0.697560975609756,0.9545454545454546,0.8256130790190735,0.7857142857142857,0.7679324894514767,0.8541666666666666,0.7909604519774012,0.7110091743119266,0.7649769585253456,0.6666666666666666,0.822429906542056,0.9629629629629628,0.7735042735042735,0.7914438502673797,0.7333333333333333,0.8036529680365296,0.7411167512690355,0.8243243243243243,0.7584269662921348
align-dinov2+1b-things+hyp-abl30cat-42,0.831736872475476,0.0,,0.5157232704402516,,,,0.8478260869565217,,0.6407766990291263,0.7619047619047619,0.6824644549763034,,0.8782608695652174,0.9130434782608696,,,,,0.9450171821305842,0.9090909090909092,0.8791748526522594,,,,0.8245614035087719,0.964467005076142,,,0.8949416342412452,,0.7487179487179487,,0.9597069597069596,,,,0.9489795918367347,0.8496732026143791,0.7244897959183674,0.7876712328767124,0.7441860465116279,,0.8285714285714286,0.8160919540229885,0.6140350877192983,0.9112903225806452,0.9802371541501976,,0.8780487804878049,0.7142857142857143,0.8319672131147541,,0.8149606299212598,0.9054726368159204
align-dinosiglip+1b-things-218,0.8063304037702204,0.0,0.5125,0.8616352201257862,0.914032869785082,0.7970297029702971,0.915129151291513,0.8478260869565217,0.8904494382022472,0.7597087378640777,0.7765567765567766,0.7014218009478673,0.8700361010830325,0.9239130434782608,0.8142292490118577,0.7623318385650224,0.7018348623853211,0.9156626506024096,0.8859649122807017,0.9381443298969072,0.8311688311688312,0.8516699410609038,0.6614583333333334,0.7549019607843137,0.7673267326732673,0.8245614035087719,0.9441624365482234,0.9026845637583892,0.8316831683168316,0.8638132295719845,0.8076923076923077,0.6205128205128205,0.8341968911917098,0.9597069597069596,0.7957198443579766,0.7961538461538461,0.6893939393939394,0.7619047619047619,0.7538126361655774,0.6122448979591837,0.7602739726027398,0.8976744186046511,0.8564102564102564,0.7551020408163265,0.7509578544061303,0.7763157894736842,0.9112903225806452,0.9644268774703556,0.7272727272727273,0.8634146341463415,0.6848739495798319,0.7827868852459017,0.6234309623430963,0.6968503937007874,0.7860696517412935
align-dinov2+500m-things+hyp-abl90-42,0.8214990138067061,0.0,0.9083333333333332,0.912751677852349,0.975452196382429,0.5809768637532133,0.8137651821862348,0.7720588235294118,0.8607954545454546,0.7727272727272727,0.7862595419847328,0.7035175879396985,0.7865168539325843,0.9282608695652174,0.9288702928870292,0.7383177570093458,0.7464114832535885,0.8925831202046036,0.9035087719298246,0.9424460431654677,0.8398268398268398,0.9154078549848944,0.5989583333333334,0.7773972602739726,0.7659574468085106,0.8190045248868778,0.8883248730964467,0.900355871886121,0.7760416666666666,0.9595141700404858,0.6769911504424779,0.671875,0.8290155440414507,0.9550561797752808,0.9583333333333334,0.5959183673469388,0.6907630522088354,0.9119718309859156,0.7843601895734598,0.6192170818505338,0.8924731182795699,0.8277511961722488,0.8900523560209425,0.6566523605150214,0.7209302325581395,0.7612612612612613,0.8870967741935484,0.9473684210526316,0.7677902621722846,0.8514851485148515,0.5872340425531914,0.7805907172995781,0.6666666666666666,0.7,0.7929292929292929
align-siglip+1b-llama-things+hyp-abl50-7,0.9148029818956336,0.0,0.9508196721311476,0.7538461538461538,0.9662731871838112,0.8303886925795053,0.9634146341463414,0.946078431372549,0.9423868312757202,0.9562043795620438,0.9516908212560388,0.9384615384615383,0.8905472636815921,0.9661971830985916,0.9545454545454546,0.9245283018867924,0.7942857142857143,0.933852140077821,0.9473684210526316,1.0,0.8901734104046243,0.9252717391304348,0.7672955974842768,0.8697674418604651,0.8702290076335878,0.8491620111731844,0.9383561643835616,0.8981481481481481,0.9054054054054054,0.9746192893401016,0.9295774647887324,0.9787234042553192,0.8918918918918919,0.9696969696969696,0.984,0.9186046511627908,0.8554913294797688,0.9688888888888888,0.90625,0.9061032863849764,0.8426966292134831,0.953216374269006,0.8539325842696629,0.8983050847457628,0.824468085106383,0.9171597633136096,0.9234972677595628,0.8894230769230769,0.8722222222222222,0.8943661971830986,0.8245614035087719,0.9162011173184358,0.8819875776397516,0.8866995073891626,0.9130434782608696
align-siglip+1b-things+hyp-abl10-218,0.9486301369863014,0.0,0.9292929292929292,0.9375,1.0,0.8490566037735849,1.0,0.9661016949152542,0.8909090909090909,0.9827586206896552,0.9714285714285714,0.8571428571428571,1.0,1.0,0.8888888888888888,0.9473684210526316,1.0,0.9491525423728814,0.875,0.967741935483871,1.0,1.0,0.9047619047619048,0.7346938775510204,0.696969696969697,1.0,0.9615384615384616,0.8157894736842105,0.9310344827586208,0.967741935483871,1.0,0.9655172413793104,1.0,0.9375,0.9875,1.0,0.9545454545454546,1.0,0.9701492537313432,0.9148936170212766,0.9333333333333332,0.90625,0.9444444444444444,1.0,0.8936170212765957,1.0,0.95,1.0,0.8444444444444444,0.8857142857142857,0.925925925925926,0.8947368421052632,0.9791666666666666,1.0,0.9318181818181818
align-dinosiglip+500m-things-7,0.53846643739651,0.0,0.48125,0.4779874213836478,0.450063211125158,0.5371287128712872,0.5498154981549815,0.427536231884058,0.8146067415730337,0.4733009708737864,0.4652014652014652,0.5497630331753555,0.5848375451263538,0.5956521739130435,0.2845849802371542,0.4170403587443946,0.518348623853211,0.7831325301204819,0.5043859649122807,0.6597938144329897,0.5887445887445888,0.587426326129666,0.53125,0.5294117647058824,0.495049504950495,0.4342105263157895,0.7563451776649747,0.5302013422818792,0.4653465346534653,0.6186770428015564,0.4017094017094017,0.5333333333333333,0.5284974093264249,0.6776556776556777,0.6498054474708171,0.5076923076923077,0.4621212121212121,0.5204081632653061,0.5860566448801743,0.5136054421768708,0.5,0.5395348837209303,0.6410256410256411,0.4775510204081633,0.4559386973180077,0.4210526315789473,0.6088709677419355,0.4782608695652174,0.6,0.6146341463414634,0.4873949579831932,0.5983606557377049,0.4937238493723849,0.5669291338582677,0.1243781094527363
align-dinov2+1b-llama-chat-things+hyp-abl10-42,0.9277016742770168,0.0,0.898989898989899,1.0,1.0,0.8679245283018868,0.9722222222222222,1.0,0.9454545454545454,0.896551724137931,1.0,0.8095238095238095,1.0,1.0,0.9444444444444444,1.0,1.0,0.9491525423728814,1.0,0.967741935483871,0.96,0.9615384615384616,0.7619047619047619,0.8571428571428571,0.6363636363636364,0.9375,0.8846153846153846,0.8947368421052632,0.9482758620689656,0.935483870967742,0.9,0.9310344827586208,1.0,0.9375,1.0,1.0,0.8863636363636364,1.0,0.9104477611940298,0.7446808510638298,0.8,0.875,1.0,1.0,0.9148936170212766,1.0,0.9166666666666666,1.0,0.7111111111111111,0.8285714285714286,0.7777777777777778,0.9210526315789472,0.8541666666666666,0.847457627118644,0.9090909090909092
align-dinosiglip+500m-things+hyp-abl70-7,0.8534873519520397,0.0,0.9511111111111112,0.6148148148148148,0.9650837988826816,0.7566765578635015,0.7866666666666666,0.8333333333333334,0.865979381443299,0.8328173374613003,0.8653846153846154,0.7738095238095238,0.9,0.8406466512702079,0.9230769230769232,0.8333333333333334,0.8269230769230769,0.9567901234567902,0.910377358490566,0.9111111111111112,0.875,0.912994350282486,0.6348314606741573,0.875,0.8202247191011236,0.7766497461928934,0.9202453987730062,0.906614785992218,0.6968085106382979,0.9318181818181818,0.7204301075268817,0.7675675675675676,0.930379746835443,0.9477911646586346,0.9432314410480348,0.7889908256880734,0.7365853658536585,0.9848484848484848,0.8283378746594006,0.7896825396825397,0.7552742616033755,0.96875,0.8757062146892656,0.8577981651376146,0.7972350230414746,0.7387387387387387,0.8785046728971962,0.9629629629629628,0.7735042735042735,0.8235294117647058,0.6476190476190476,0.8493150684931506,0.7208121827411168,0.7972972972972973,0.7921348314606742
align-dinosiglip+1b-things+hyp-abl90-218,0.8260355029585799,0.0,0.9354166666666668,0.4832214765100671,0.94702842377261,0.7609254498714653,0.7894736842105263,0.6801470588235294,0.9289772727272728,0.8358585858585859,0.8053435114503816,0.5125628140703518,0.8314606741573034,0.9282608695652174,0.8870292887029289,0.7336448598130841,0.7033492822966507,0.9232736572890026,0.8859649122807017,0.8669064748201439,0.9134199134199136,0.8952668680765358,0.65625,0.7431506849315068,0.6063829787234043,0.755656108597285,0.9137055837563453,0.8149466192170819,0.8229166666666666,0.8987854251012146,0.7654867256637168,0.8072916666666666,0.772020725388601,0.9363295880149812,0.9603174603174603,0.6979591836734694,0.7188755020080321,0.795774647887324,0.8744075829383886,0.6903914590747331,0.8494623655913979,0.84688995215311,0.8429319371727748,0.8025751072961373,0.689922480620155,0.7882882882882883,0.8991935483870968,0.8461538461538461,0.7565543071161048,0.8861386138613861,0.7574468085106383,0.7763713080168776,0.7835497835497836,0.824,0.7777777777777778
align-dinov2+1b-llama-things+hyp-abl70-7,0.8681824828191256,0.0,0.9288888888888888,0.8592592592592593,0.9497206703910616,0.8071216617210683,0.8044444444444444,0.9484126984126984,0.9003436426116839,0.8637770897832817,0.8961538461538462,0.9166666666666666,0.9304347826086956,0.928406466512702,0.8914027149321267,0.7291666666666666,0.9278846153846154,0.9691358024691358,0.9764150943396226,0.9629629629629628,0.875,0.9096045197740112,0.6404494382022472,0.84375,0.7415730337078652,0.8071065989847716,0.9570552147239264,0.8793774319066148,0.8457446808510638,0.9136363636363636,0.8225806451612904,0.7081081081081081,0.8670886075949367,0.9598393574297188,0.9585152838427948,0.908256880733945,0.6780487804878049,0.9545454545454546,0.8773841961852861,0.7658730158730159,0.8016877637130801,0.8958333333333334,0.8757062146892656,0.7706422018348624,0.7373271889400922,0.7792792792792793,0.897196261682243,0.897119341563786,0.7905982905982906,0.8235294117647058,0.7,0.8127853881278538,0.7918781725888325,0.7657657657657657,0.8426966292134831
align-dinosiglip+1b-things-42,0.715195516494714,0.0,0.8604166666666667,0.4968553459119497,0.934260429835651,0.4405940594059406,0.7158671586715867,0.7608695652173914,0.9129213483146068,0.6286407766990292,0.6813186813186813,0.4597156398104265,0.4187725631768953,0.9,0.7272727272727273,0.600896860986547,0.573394495412844,0.8289156626506025,0.8552631578947368,0.7594501718213058,0.5844155844155844,0.9459724950884086,0.7447916666666666,0.6339869281045751,0.7326732673267327,0.6798245614035088,0.7055837563451777,0.6711409395973155,0.5841584158415841,0.7821011673151751,0.6837606837606838,0.6358974358974359,0.4300518134715025,0.8241758241758241,0.8618677042801557,0.5923076923076923,0.5795454545454546,0.8503401360544217,0.7777777777777778,0.4625850340136054,0.5787671232876712,0.6046511627906976,0.6051282051282051,0.5346938775510204,0.5900383141762452,0.7324561403508771,0.6532258064516129,0.766798418972332,0.7163636363636363,0.7317073170731707,0.6932773109243697,0.680327868852459,0.5439330543933054,0.7362204724409449,0.5771144278606966
align-dinosiglip+1b-llama-things+hyp-abl50-7,0.8390131345402911,0.0,0.9289617486338798,0.6076923076923076,0.96964586846543,0.8021201413427562,0.8780487804878049,0.9215686274509804,0.8395061728395061,0.7116788321167883,0.8792270531400966,0.7461538461538462,0.845771144278607,0.828169014084507,0.875,0.7421383647798742,0.7371428571428571,0.9027237354085604,0.912280701754386,0.962085308056872,0.9421965317919077,0.9171195652173914,0.7044025157232704,0.827906976744186,0.7175572519083969,0.664804469273743,0.8561643835616438,0.7638888888888888,0.7162162162162162,0.9137055837563453,0.8309859154929577,0.851063829787234,0.7837837837837838,0.9797979797979798,0.9173333333333332,0.8023255813953488,0.6358381502890174,0.9555555555555556,0.8671875,0.7464788732394366,0.7134831460674157,0.9181286549707602,0.8539325842696629,0.7909604519774012,0.7340425531914894,0.7159763313609467,0.8907103825136612,0.9423076923076924,0.7666666666666667,0.7535211267605634,0.6608187134502924,0.9273743016759776,0.8260869565217391,0.7438423645320197,0.8115942028985508
align-dinov2+1b-llama-things-42,0.8141001146350784,0.0,0.8479166666666667,0.8176100628930818,0.8685208596713021,0.6039603960396039,0.9298892988929888,0.9094202898550724,0.8960674157303371,0.7936893203883495,0.8021978021978022,0.8246445497630331,0.8989169675090253,0.9239130434782608,0.9090909090909092,0.8161434977578476,0.7981651376146789,0.9493975903614458,0.956140350877193,0.8797250859106529,0.645021645021645,0.8772102161100196,0.7083333333333334,0.8366013071895425,0.7425742574257426,0.8464912280701754,0.9187817258883249,0.8087248322147651,0.7524752475247525,0.8482490272373541,0.7478632478632479,0.6564102564102564,0.8238341968911918,0.8827838827838828,0.9552529182879378,0.7730769230769231,0.6325757575757576,0.9387755102040816,0.7407407407407407,0.7517006802721088,0.702054794520548,0.8558139534883721,0.764102564102564,0.6775510204081633,0.7088122605363985,0.631578947368421,0.8911290322580645,0.91699604743083,0.7454545454545455,0.775609756097561,0.7142857142857143,0.7540983606557377,0.6569037656903766,0.6811023622047244,0.7114427860696517
align-dinov2+500m-things+hyp-abl70-42,0.8602865916069601,0.0,0.9311111111111112,0.8148148148148148,0.9692737430167596,0.8041543026706232,0.7911111111111111,0.8888888888888888,0.9003436426116839,0.8823529411764706,0.903846153846154,0.9047619047619048,0.8434782608695652,0.9145496535796768,0.8959276018099548,0.796875,0.8269230769230769,0.925925925925926,0.8254716981132075,0.9148148148148147,0.875,0.9220338983050848,0.601123595505618,0.86328125,0.7865168539325843,0.7817258883248731,0.8895705521472392,0.8988326848249028,0.7553191489361702,0.95,0.9408602150537636,0.7567567567567568,0.8860759493670886,0.9678714859437751,0.9694323144104804,0.7477064220183486,0.7707317073170732,0.9204545454545454,0.8746594005449592,0.6984126984126984,0.7215189873417721,0.9583333333333334,0.8418079096045198,0.8486238532110092,0.7880184331797235,0.7522522522522522,0.8691588785046729,0.9423868312757202,0.8290598290598291,0.7433155080213903,0.6714285714285714,0.8949771689497716,0.6548223350253807,0.7657657657657657,0.8426966292134831
align-siglip+1b-llama-things+hyp-abl50-42,0.8954561590344338,0.0,0.96448087431694,0.8076923076923077,0.957841483979764,0.8621908127208481,0.8719512195121951,0.9362745098039216,0.9465020576131687,0.8941605839416058,0.9855072463768116,0.8769230769230769,0.8905472636815921,0.9492957746478872,0.9715909090909092,0.8930817610062893,0.7657142857142857,0.953307392996109,0.95906432748538,0.943127962085308,0.9364161849710982,0.9157608695652174,0.660377358490566,0.8093023255813954,0.7557251908396947,0.8770949720670391,0.9246575342465754,0.8472222222222222,0.8716216216216216,0.9390862944162436,0.9507042253521126,0.9078014184397164,0.8986486486486487,0.9797979797979798,0.976,0.9302325581395348,0.7052023121387283,0.9777777777777776,0.91015625,0.7887323943661971,0.8202247191011236,0.9707602339181286,0.8707865168539326,0.8135593220338984,0.7978723404255319,0.9467455621301776,0.8743169398907104,0.8557692307692307,0.7833333333333333,0.8732394366197183,0.7953216374269005,0.905027932960894,0.8881987577639752,0.8472906403940886,0.8913043478260869
align-siglip+1b-things+hyp-abl50-218,0.8892438764643238,0.0,0.9590163934426228,0.6923076923076923,0.9662731871838112,0.784452296819788,0.951219512195122,0.9411764705882352,0.9012345679012346,0.9051094890510948,0.9178743961352656,0.8923076923076924,0.8308457711442786,0.9380281690140844,0.9545454545454546,0.8113207547169812,0.7314285714285714,0.8521400778210116,0.9064327485380116,0.985781990521327,0.9364161849710982,0.9266304347826086,0.6855345911949685,0.827906976744186,0.7633587786259542,0.664804469273743,0.8493150684931506,0.9074074074074074,0.8783783783783784,0.9086294416243654,0.943661971830986,0.9219858156028368,0.8513513513513513,0.9444444444444444,0.96,0.8255813953488372,0.8497109826589595,0.9644444444444444,0.921875,0.8685446009389671,0.7921348314606742,0.9824561403508772,0.848314606741573,0.8870056497175142,0.8882978723404256,0.9230769230769232,0.8907103825136612,0.9134615384615384,0.8611111111111112,0.8943661971830986,0.7953216374269005,0.8491620111731844,0.9192546583850932,0.9064039408866996,0.855072463768116
align-siglip+1b-things+hyp-abl70-42,0.9004240386021348,0.0,0.9444444444444444,0.6962962962962963,0.9315642458100558,0.8397626112759644,0.9333333333333332,0.9007936507936508,0.8865979381443299,0.9226006191950464,0.9384615384615383,0.9047619047619048,0.8913043478260869,0.9330254041570438,0.8552036199095022,0.8958333333333334,0.8509615384615384,0.9320987654320988,0.9339622641509434,0.9,0.955,0.9209039548022598,0.7808988764044944,0.87109375,0.8932584269662921,0.8477157360406091,0.98159509202454,0.8054474708171206,0.7340425531914894,0.9363636363636364,0.9516129032258064,0.918918918918919,0.9050632911392406,0.9718875502008032,0.9672489082969432,0.9403669724770642,0.8439024390243902,0.9621212121212122,0.9155313351498636,0.8015873015873016,0.8945147679324894,0.9739583333333334,0.8813559322033898,0.8990825688073395,0.8018433179723502,0.918918918918919,0.9158878504672896,0.8888888888888888,0.905982905982906,0.8502673796791443,0.8380952380952381,0.9269406392694064,0.8781725888324873,0.8873873873873874,0.8820224719101124
align-dinov2+1b-llama-chat-things+hyp-abl10cat-218,0.8646616541353384,0.0,,,,,,,,,,,0.9133574007220217,,,0.7982062780269058,,,,,,,,,,,,,0.8118811881188119,,,,,0.9047619047619048,0.9552529182879378,,,,0.7843137254901961,,,,,,,,0.8991935483870968,0.9802371541501976,,,0.7310924369747899,,0.803347280334728,,
align-dinosiglip+500m-things+hyp-abl50-42,0.8693645722399717,0.0,0.9508196721311476,0.7153846153846154,0.9561551433389543,0.8268551236749117,0.9207317073170732,0.8774509803921569,0.9218106995884774,0.781021897810219,0.8840579710144928,0.8923076923076924,0.9054726368159204,0.9267605633802816,0.9090909090909092,0.8553459119496856,0.7085714285714285,0.9377431906614786,0.935672514619883,0.9478672985781992,0.861271676300578,0.9130434782608696,0.6037735849056604,0.8418604651162791,0.8320610687022901,0.8268156424581006,0.9657534246575342,0.8842592592592593,0.8716216216216216,0.8984771573604061,0.8802816901408451,0.8368794326241135,0.8783783783783784,0.9545454545454546,0.9466666666666668,0.9418604651162792,0.6069364161849711,0.9466666666666668,0.921875,0.7746478873239436,0.7696629213483146,0.953216374269006,0.848314606741573,0.847457627118644,0.7819148936170213,0.8461538461538461,0.912568306010929,0.875,0.7444444444444445,0.7464788732394366,0.6491228070175439,0.8491620111731844,0.8012422360248447,0.7980295566502463,0.9420289855072465
align-siglip+500m-things+hyp-abl50-7,0.8927050053248137,0.0,0.9699453551912568,0.9153846153846154,0.988195615514334,0.833922261484099,0.9085365853658536,0.946078431372549,0.9053497942386832,0.8686131386861314,0.9565217391304348,0.7615384615384615,0.7960199004975125,0.9492957746478872,0.9602272727272728,0.8679245283018868,0.7314285714285714,0.9299610894941636,0.9298245614035088,0.985781990521327,0.9190751445086706,0.9225543478260868,0.5660377358490566,0.8790697674418605,0.816793893129771,0.7318435754189944,0.9178082191780822,0.7777777777777778,0.9391891891891893,0.8883248730964467,0.9225352112676056,0.8652482269503546,0.8513513513513513,0.9797979797979798,0.9733333333333334,0.8197674418604651,0.8728323699421965,0.9466666666666668,0.90625,0.8403755868544601,0.8258426966292135,0.95906432748538,0.898876404494382,0.903954802259887,0.7606382978723404,0.940828402366864,0.912568306010929,0.971153846153846,0.8833333333333333,0.8028169014084507,0.7660818713450293,0.9664804469273744,0.9006211180124224,0.8275862068965517,0.8043478260869565
align-siglip+1b-things+hyp-abl50-7,0.9203940362087328,0.0,0.9453551912568308,0.3692307692307692,0.981450252951096,0.8162544169611308,0.9146341463414634,0.9705882352941176,0.831275720164609,0.9525547445255474,0.9806763285024156,0.946153846153846,0.945273631840796,0.9577464788732394,0.9431818181818182,0.8427672955974843,0.7942857142857143,0.9221789883268484,0.9239766081871345,0.990521327014218,0.907514450867052,0.9769021739130436,0.8867924528301887,0.7953488372093023,0.8702290076335878,0.8715083798882681,0.9178082191780822,0.925925925925926,0.9324324324324323,0.9238578680203046,0.9647887323943662,0.9432624113475178,0.9121621621621622,0.9848484848484848,0.9813333333333332,0.9709302325581396,0.953757225433526,0.9777777777777776,0.92578125,0.7605633802816901,0.949438202247191,0.9766081871345028,0.8258426966292135,0.9661016949152542,0.8936170212765957,0.9289940828402368,0.9289617486338798,0.971153846153846,0.8888888888888888,0.9788732394366196,0.8362573099415205,0.9385474860335196,0.9130434782608696,0.9261083743842364,0.9202898550724636
align-dinov2+500m-things+hyp-abl70-218-random,0.6126626699809914,0.0,0.7377777777777778,0.5925925925925926,0.905027932960894,0.5875370919881305,0.4622222222222222,0.5476190476190477,0.6941580756013745,0.5944272445820433,0.5692307692307692,0.4345238095238095,0.4956521739130435,0.5496535796766744,0.7737556561085973,0.5572916666666666,0.5625,0.6944444444444444,0.4575471698113207,0.6592592592592592,0.605,0.8711864406779661,0.6629213483146067,0.609375,0.4213483146067415,0.5989847715736041,0.6441717791411042,0.642023346303502,0.5159574468085106,0.6272727272727273,0.5591397849462365,0.5081081081081081,0.4493670886075949,0.4578313253012048,0.7052401746724891,0.4495412844036697,0.6585365853658537,0.5492424242424242,0.7574931880108992,0.5992063492063492,0.5949367088607594,0.421875,0.4350282485875706,0.463302752293578,0.5622119815668203,0.5720720720720721,0.4766355140186916,0.4609053497942387,0.3461538461538461,0.5935828877005348,0.5523809523809524,0.7077625570776256,0.5279187817258884,0.6531531531531531,0.3707865168539326
align-dinov2+1b-things+hyp-abl90-42,0.8310322156476002,0.0,0.9354166666666668,0.3758389261744966,0.9560723514211886,0.7480719794344473,0.8866396761133604,0.7610294117647058,0.8607954545454546,0.7727272727272727,0.816793893129771,0.6834170854271356,0.902621722846442,0.9108695652173912,0.8326359832635983,0.7242990654205608,0.8564593301435407,0.9565217391304348,0.8859649122807017,0.8884892086330936,0.8528138528138528,0.8559919436052367,0.59375,0.7808219178082192,0.7127659574468085,0.8190045248868778,0.8629441624365483,0.8078291814946619,0.78125,0.8744939271255061,0.7787610619469026,0.7291666666666666,0.7875647668393783,0.947565543071161,0.9702380952380952,0.7795918367346939,0.751004016064257,0.9612676056338028,0.90521327014218,0.7259786476868327,0.8458781362007168,0.8564593301435407,0.9109947643979056,0.7510729613733905,0.7558139534883721,0.7657657657657657,0.9193548387096774,0.8340080971659919,0.6966292134831461,0.8712871287128713,0.6723404255319149,0.7510548523206751,0.7489177489177489,0.8,0.7828282828282829
align-dinov2+1b-things+hyp-abl30-7,0.9175340272217776,0.0,0.9530685920577616,0.8985507246376812,0.9975550122249388,0.8601036269430051,0.9576271186440678,0.9407407407407408,0.9367088607594936,0.902439024390244,0.9302325581395348,0.9420289855072465,0.9552238805970148,0.9552845528455284,0.923728813559322,0.9891304347826086,0.97196261682243,0.9289940828402368,0.9782608695652174,1.0,0.8365384615384616,0.915401301518438,0.9741379310344828,0.8125,0.896551724137931,0.8823529411764706,1.0,0.8828125,0.9051724137931034,0.9618320610687024,0.945945945945946,0.8918918918918919,0.9540229885057472,0.975,0.9920948616600792,0.9098360655737704,0.8095238095238095,0.9790209790209792,0.88,0.926829268292683,0.8,0.925531914893617,0.9156626506024096,0.8272727272727273,0.8217054263565892,0.92,0.9921259842519684,0.9865771812080536,0.8156028368794326,0.9534883720930232,0.7517241379310344,0.946153846153846,0.5425531914893617,0.784,0.9690721649484536
align-dinosiglip+1b-things+hyp-abl30-42,0.9003202562049639,0.0,0.9205776173285198,0.9420289855072465,0.982885085574572,0.8341968911917098,0.9067796610169492,0.9333333333333332,0.9113924050632912,0.9085365853658536,0.9069767441860463,0.8840579710144928,0.9402985074626866,0.9552845528455284,0.9322033898305084,0.9021739130434784,0.9065420560747663,0.9467455621301776,0.9565217391304348,1.0,0.903846153846154,0.9002169197396963,0.8448275862068966,0.8541666666666666,0.853448275862069,0.7352941176470589,0.9,0.953125,0.8706896551724138,0.9770992366412212,0.8828828828828829,0.927927927927928,0.8275862068965517,0.95,0.9644268774703556,0.9508196721311476,0.6904761904761905,0.958041958041958,0.855,0.8536585365853658,0.8583333333333333,0.8936170212765957,0.7951807228915663,0.8454545454545455,0.8449612403100775,0.928,0.9763779527559056,0.9664429530201344,0.8581560283687943,0.872093023255814,0.7793103448275862,0.9230769230769232,0.723404255319149,0.72,0.9484536082474226
align-dinov2+1b-llama-things+hyp-abl20cat-42,0.8198419666374013,0.0,0.95,,,0.6237623762376238,0.9520295202952028,,,0.779126213592233,,,,0.8760869565217392,,,,0.946987951807229,,,,,0.796875,,,,0.9543147208121828,,,,,0.8769230769230769,0.844559585492228,,,,0.6818181818181818,,,,0.6986301369863014,,,,0.685823754789272,,0.8709677419354839,0.9723320158102768,0.8145454545454546,0.8926829268292683,0.6848739495798319,,0.6150627615062761,,0.8407960199004975
align-dinov2+1b-things+hyp-abl70-42,0.8795876590144758,0.0,0.9111111111111112,0.7111111111111111,0.9511173184357542,0.8041543026706232,0.9022222222222224,0.9206349206349206,0.9347079037800688,0.8854489164086687,0.9,0.8630952380952381,0.9260869565217392,0.953810623556582,0.8733031674208145,0.8125,0.8317307692307693,0.925925925925926,0.9575471698113208,0.974074074074074,0.9,0.91864406779661,0.6235955056179775,0.87109375,0.7303370786516854,0.817258883248731,0.9877300613496932,0.9299610894941636,0.8351063829787234,0.9136363636363636,0.8440860215053764,0.8162162162162162,0.8354430379746836,0.9678714859437751,0.9716157205240176,0.8165137614678899,0.8536585365853658,0.9734848484848484,0.885558583106267,0.8055555555555556,0.8354430379746836,0.921875,0.8531073446327684,0.8486238532110092,0.7926267281105991,0.7297297297297297,0.9345794392523364,0.9300411522633744,0.7905982905982906,0.8181818181818182,0.780952380952381,0.8401826484018264,0.8324873096446701,0.7747747747747747,0.8651685393258427
align-dinov2+500m-things+hyp-abl20cat-42,0.809657594381036,0.0,0.95,,,0.6460396039603961,0.7527675276752768,,,0.7572815533980582,,,,0.9195652173913044,,,,0.9132530120481928,,,,,0.8333333333333334,,,,0.9441624365482234,,,,,0.7692307692307693,0.8652849740932642,,,,0.6742424242424242,,,,0.6301369863013698,,,,0.7164750957854407,,0.967741935483871,0.984189723320158,0.7163636363636363,0.8585365853658536,0.7310924369747899,,0.698744769874477,,0.8009950248756219
align-dinov2+500m-things-7-random,0.4995541969175901,0.0,0.7020833333333333,0.2264150943396226,0.618204804045512,0.5792079207920792,0.5387453874538746,0.5471014492753623,0.4016853932584269,0.4077669902912621,0.4908424908424908,0.5450236966824644,0.5415162454873647,0.5391304347826087,0.5296442687747036,0.5067264573991032,0.5642201834862385,0.6144578313253012,0.3947368421052631,0.5498281786941581,0.3896103896103896,0.6267190569744597,0.5208333333333334,0.5261437908496732,0.3712871287128713,0.4078947368421052,0.4263959390862944,0.5234899328859061,0.4405940594059406,0.5875486381322957,0.4230769230769231,0.3794871794871794,0.4300518134715025,0.4981684981684982,0.5136186770428015,0.4846153846153846,0.4772727272727273,0.4353741496598639,0.5555555555555556,0.4659863945578231,0.5136986301369864,0.4093023255813953,0.282051282051282,0.4938775510204081,0.3946360153256705,0.4473684210526316,0.25,0.4901185770750988,0.4509090909090909,0.5317073170731708,0.4369747899159664,0.5368852459016393,0.4560669456066946,0.5551181102362205,0.1492537313432835
align-dinov2+1b-things+hyp-abl30cat-218,0.7948066935949221,0.0,,0.610062893081761,,,,0.8985507246376812,,0.4660194174757281,0.8424908424908425,0.8056872037914692,,0.691304347826087,0.9051383399209486,,,,,0.9278350515463918,0.9437229437229436,0.8919449901768173,,,,0.8421052631578947,0.9898477157360406,,,0.8754863813229572,,0.5538461538461539,,0.9413919413919414,,,,0.9319727891156464,0.7058823529411765,0.5680272108843537,0.7328767123287672,0.7627906976744186,,0.7183673469387755,0.7624521072796935,0.6622807017543859,0.9153225806451613,0.9802371541501976,,0.8390243902439024,0.6008403361344538,0.7827868852459017,,0.7913385826771654,0.8905472636815921
align-siglip+1b-things+hyp-abl90-42,0.8276134122287968,0.0,0.8770833333333333,0.7651006711409396,0.9276485788113696,0.7712082262210797,0.8137651821862348,0.8382352941176471,0.8835227272727273,0.8459595959595959,0.8206106870229007,0.5829145728643216,0.8352059925093633,0.9217391304347826,0.8410041841004184,0.8551401869158879,0.7129186602870813,0.8925831202046036,0.925438596491228,0.9244604316546764,0.8701298701298701,0.8841893252769386,0.84375,0.7431506849315068,0.6808510638297872,0.8506787330316742,0.8629441624365483,0.7295373665480427,0.7239583333333334,0.8663967611336032,0.7389380530973452,0.7239583333333334,0.8238341968911918,0.9700374531835206,0.9464285714285714,0.8040816326530612,0.6586345381526104,0.9507042253521126,0.8412322274881516,0.7117437722419929,0.7670250896057348,0.8803827751196173,0.8429319371727748,0.7682403433476395,0.6821705426356589,0.8558558558558559,0.9153225806451613,0.8987854251012146,0.8277153558052435,0.8217821782178217,0.6425531914893617,0.7383966244725738,0.658008658008658,0.684,0.7777777777777778
align-dinov2+1b-things+hyp-abl40cat-7,0.8215686274509804,0.0,0.8666666666666667,,0.9026548672566372,0.6435643564356436,0.7084870848708487,,,0.8009708737864077,0.8424908424908425,0.6350710900473934,,,0.9090909090909092,0.6547085201793722,0.8715596330275229,,0.8596491228070176,0.9518900343642612,,,0.8333333333333334,,0.7871287128712872,0.8157894736842105,0.9543147208121828,0.8691275167785235,0.8564356435643564,,0.6965811965811965,0.9025641025641026,0.8238341968911918,0.9413919413919414,0.9357976653696498,0.6923076923076923,0.678030303030303,0.9659863945578232,0.8518518518518519,,0.7705479452054794,0.8558139534883721,0.9076923076923076,0.8285714285714286,0.7969348659003831,,0.8508064516129032,0.9288537549407114,0.6945454545454546,,0.7394957983193278,0.8319672131147541,0.694560669456067,0.7007874015748031,0.7512437810945274
align-dinov2+500m-things+hyp-abl10cat-7,0.8701298701298701,0.0,,,,,,,,,,,0.855595667870036,,,0.7982062780269058,,,,,,,,,,,,,0.7920792079207921,,,,,0.9010989010989012,0.9455252918287936,,,,0.869281045751634,,,,,,,,0.9032258064516128,0.9881422924901184,,,0.7689075630252101,,0.7656903765690377,,
align-dinov2+1b-llama-things-218,0.8258183670869953,0.0,0.8854166666666666,0.8867924528301887,0.9178255372945638,0.7227722772277227,0.8450184501845018,0.9021739130434784,0.8876404494382022,0.8058252427184466,0.7142857142857143,0.7582938388625592,0.8483754512635379,0.9282608695652174,0.9011857707509882,0.8026905829596412,0.8302752293577982,0.8891566265060241,0.8947368421052632,0.9278350515463918,0.8225108225108225,0.9292730844793712,0.734375,0.8398692810457516,0.7920792079207921,0.8464912280701754,0.949238578680203,0.8087248322147651,0.7425742574257426,0.9299610894941636,0.7735042735042735,0.6666666666666666,0.7772020725388601,0.8095238095238095,0.953307392996109,0.7346153846153847,0.5833333333333334,0.9693877551020408,0.644880174291939,0.7312925170068028,0.7705479452054794,0.8232558139534883,0.8923076923076924,0.689795918367347,0.735632183908046,0.7631578947368421,0.8225806451612904,0.9130434782608696,0.8036363636363636,0.7560975609756098,0.6680672268907563,0.7540983606557377,0.7364016736401674,0.7755905511811023,0.7661691542288557
align-dinosiglip+1b-things+hyp-abl10-218,0.9315068493150684,0.0,0.9292929292929292,1.0,1.0,0.9433962264150944,1.0,1.0,0.9272727272727272,0.896551724137931,1.0,0.9047619047619048,1.0,1.0,0.9722222222222222,1.0,0.7567567567567568,1.0,0.8541666666666666,1.0,0.96,0.9615384615384616,0.9047619047619048,0.8367346938775511,0.6363636363636364,0.953125,0.8846153846153846,0.8947368421052632,1.0,1.0,0.9,0.9655172413793104,0.8947368421052632,0.9375,1.0,0.9361702127659576,0.8636363636363636,0.8461538461538461,0.9552238805970148,0.8936170212765957,0.8666666666666667,0.90625,0.9444444444444444,1.0,0.851063829787234,1.0,0.9333333333333332,1.0,0.7333333333333333,0.8,0.6666666666666666,0.8947368421052632,0.8541666666666666,0.9322033898305084,0.9318181818181818
align-dinov2+1b-things+hyp-abl10-7,0.934931506849315,0.0,0.9191919191919192,0.875,1.0,0.9245283018867924,1.0,1.0,0.9454545454545454,0.9310344827586208,1.0,0.5238095238095238,1.0,0.9659090909090908,0.8888888888888888,1.0,1.0,0.9322033898305084,0.9375,1.0,0.96,0.956043956043956,0.8571428571428571,0.9387755102040816,0.6666666666666666,0.9375,1.0,0.8947368421052632,0.9482758620689656,1.0,0.9666666666666668,1.0,0.9736842105263158,0.9375,1.0,1.0,0.9772727272727272,1.0,0.9701492537313432,0.7021276595744681,0.8666666666666667,0.875,1.0,1.0,0.8297872340425532,1.0,0.9166666666666666,1.0,0.7333333333333333,0.8571428571428571,0.7777777777777778,0.8947368421052632,0.8333333333333334,0.9830508474576272,0.9090909090909092
align-siglip+1b-llama-chat-things-7,0.8165838746656476,0.0,0.8520833333333333,0.7547169811320755,0.7724399494310998,0.6856435643564357,0.8413284132841329,0.9094202898550724,0.8286516853932584,0.7305825242718447,0.8241758241758241,0.6350710900473934,0.8194945848375451,0.8847826086956522,0.9209486166007904,0.8071748878923767,0.7568807339449541,0.8650602409638555,0.912280701754386,0.8969072164948454,0.8354978354978355,0.9273084479371316,0.671875,0.7875816993464052,0.801980198019802,0.868421052631579,0.8781725888324873,0.8288590604026845,0.7029702970297029,0.8132295719844358,0.6965811965811965,0.6974358974358974,0.772020725388601,0.9487179487179488,0.9649805447470816,0.7269230769230769,0.7159090909090909,0.9489795918367347,0.7864923747276689,0.7789115646258503,0.75,0.8186046511627907,0.8564102564102564,0.7591836734693878,0.7394636015325671,0.8026315789473685,0.8830645161290323,0.924901185770751,0.7927272727272727,0.8341463414634146,0.7058823529411765,0.7377049180327869,0.7656903765690377,0.7362204724409449,0.7910447761194029
align-dinov2+500m-things+hyp-abl20cat-218,0.7977172958735733,0.0,0.9541666666666668,,,0.7673267326732673,0.8745387453874539,,,0.6747572815533981,,,,0.9282608695652174,,,,0.9132530120481928,,,,,0.8229166666666666,,,,0.9238578680203046,,,,,0.8,0.8393782383419689,,,,0.6515151515151515,,,,0.613013698630137,,,,0.6360153256704981,,0.9274193548387096,0.9644268774703556,0.6836363636363636,0.7121951219512195,0.6302521008403361,,0.6485355648535565,,0.8258706467661692
align-dinosiglip+1b-llama-chat-things+hyp-abl90-7,0.8238658777120316,0.0,0.8229166666666666,0.7986577181208053,0.9224806201550388,0.8123393316195373,0.757085020242915,0.8529411764705882,0.8721590909090909,0.76010101010101,0.8206106870229007,0.6331658291457286,0.8614232209737828,0.808695652173913,0.9288702928870292,0.7616822429906542,0.7511961722488039,0.9207161125319692,0.8771929824561403,0.946043165467626,0.9047619047619048,0.8741188318227593,0.6145833333333334,0.8047945205479452,0.6968085106382979,0.832579185520362,0.9289340101522844,0.8540925266903915,0.703125,0.8866396761133604,0.8230088495575221,0.6822916666666666,0.8341968911917098,0.9775280898876404,0.9821428571428572,0.763265306122449,0.6024096385542169,0.8661971830985915,0.8601895734597157,0.7437722419928826,0.7204301075268817,0.8564593301435407,0.9057591623036648,0.6995708154506438,0.7558139534883721,0.6666666666666666,0.875,0.9149797570850202,0.6891385767790262,0.8811881188118812,0.6936170212765957,0.810126582278481,0.7532467532467533,0.732,0.8333333333333334
align-dinov2+1b-things+hyp-abl10cat-42,0.833902939166097,0.0,,,,,,,,,,,0.7075812274368231,,,0.6681614349775785,,,,,,,,,,,,,0.801980198019802,,,,,0.912087912087912,0.9591439688715954,,,,0.8366013071895425,,,,,,,,0.9032258064516128,0.9723320158102768,,,0.6848739495798319,,0.7280334728033473,,
align-dinov2+500m-things-42-random,0.4980257292064705,0.0,0.4166666666666667,0.1635220125786163,0.5764854614412137,0.5346534653465347,0.5461254612546126,0.5253623188405797,0.4073033707865168,0.3616504854368932,0.4065934065934066,0.4075829383886256,0.5703971119133574,0.5239130434782608,0.616600790513834,0.4349775784753363,0.5596330275229358,0.563855421686747,0.5263157894736842,0.5601374570446735,0.354978354978355,0.6591355599214146,0.515625,0.5359477124183006,0.4356435643564356,0.4780701754385965,0.5279187817258884,0.5805369127516778,0.6039603960396039,0.622568093385214,0.6068376068376068,0.4205128205128205,0.4455958549222797,0.5347985347985348,0.5505836575875487,0.4230769230769231,0.4469696969696969,0.4251700680272108,0.4139433551198257,0.5986394557823129,0.5376712328767124,0.386046511627907,0.3846153846153846,0.3795918367346939,0.4022988505747126,0.5964912280701754,0.3709677419354839,0.525691699604743,0.4181818181818181,0.5463414634146342,0.4369747899159664,0.5163934426229508,0.5230125523012552,0.437007874015748,0.2487562189054726
align-siglip+500m-things+hyp-abl90-42,0.5626561472715319,0.0,0.6458333333333334,0.6308724832214765,0.4509043927648579,0.5089974293059126,0.5587044534412956,0.6176470588235294,0.6136363636363636,0.547979797979798,0.4618320610687023,0.6683417085427136,0.6329588014981273,0.5847826086956521,0.4267782426778242,0.5233644859813084,0.6267942583732058,0.6854219948849105,0.5701754385964912,0.5863309352517986,0.4372294372294372,0.5236656596173213,0.484375,0.5068493150684932,0.5159574468085106,0.5475113122171946,0.365482233502538,0.5516014234875445,0.546875,0.6275303643724697,0.6106194690265486,0.4947916666666667,0.5647668393782384,0.6217228464419475,0.7261904761904762,0.5510204081632653,0.5582329317269076,0.6549295774647887,0.7843601895734598,0.4626334519572954,0.5340501792114696,0.6650717703349283,0.5340314136125655,0.6995708154506438,0.3682170542635659,0.509009009009009,0.439516129032258,0.4291497975708502,0.4569288389513108,0.6881188118811881,0.5702127659574469,0.6582278481012658,0.5757575757575758,0.656,0.4242424242424242
align-dinov2+1b-llama-things-7,0.8411030441981913,0.0,0.9458333333333332,0.8176100628930818,0.9380530973451328,0.7400990099009901,0.9298892988929888,0.9094202898550724,0.8707865168539326,0.7718446601941747,0.8717948717948718,0.8436018957345972,0.9205776173285198,0.941304347826087,0.91699604743083,0.6771300448430493,0.7660550458715596,0.9493975903614458,0.9429824561403508,0.9553264604810996,0.8441558441558441,0.8889980353634578,0.625,0.7908496732026143,0.8316831683168316,0.868421052631579,0.9035532994923858,0.8087248322147651,0.6188118811881188,0.8754863813229572,0.7606837606837606,0.7846153846153846,0.7772020725388601,0.9523809523809524,0.9571984435797666,0.6961538461538461,0.7083333333333334,0.9421768707482994,0.7015250544662309,0.7755102040816326,0.7876712328767124,0.8790697674418605,0.8666666666666667,0.8530612244897959,0.7509578544061303,0.6710526315789473,0.9193548387096774,0.9446640316205532,0.7563636363636363,0.8146341463414634,0.7647058823529411,0.8114754098360656,0.6861924686192469,0.7519685039370079,0.8059701492537313
align-siglip+500m-things+hyp-abl70-42,0.7284690744260857,0.0,0.8822222222222222,0.4222222222222222,0.9217877094972068,0.7299703264094956,0.6666666666666666,0.6785714285714286,0.7869415807560137,0.7430340557275542,0.6423076923076924,0.6071428571428571,0.5782608695652174,0.8568129330254042,0.6561085972850679,0.6822916666666666,0.5528846153846154,0.7685185185185185,0.6839622641509434,0.7296296296296296,0.62,0.9299435028248588,0.7078651685393258,0.76171875,0.4101123595505618,0.7157360406091371,0.8220858895705522,0.6575875486381323,0.6063829787234043,0.7636363636363637,0.6881720430107527,0.654054054054054,0.7721518987341772,0.7831325301204819,0.8187772925764192,0.7339449541284404,0.6487804878048781,0.7840909090909091,0.8147138964577657,0.5793650793650794,0.569620253164557,0.703125,0.5875706214689266,0.6651376146788991,0.7188940092165899,0.5045045045045045,0.780373831775701,0.8353909465020576,0.6367521367521367,0.5989304812834224,0.5619047619047619,0.776255707762557,0.7411167512690355,0.7387387387387387,0.5056179775280899
align-siglip+1b-things+hyp-abl90-218,0.7942143326758712,0.0,0.6958333333333333,0.6442953020134228,0.928940568475452,0.7223650385604113,0.8097165991902834,0.6029411764705882,0.8664772727272727,0.7424242424242424,0.7862595419847328,0.3165829145728643,0.7303370786516854,0.8717391304347826,0.8535564853556485,0.6448598130841121,0.6794258373205742,0.8695652173913043,0.925438596491228,0.9100719424460432,0.8787878787878788,0.9013091641490432,0.7916666666666666,0.8082191780821918,0.6329787234042553,0.755656108597285,0.8527918781725888,0.7366548042704626,0.7395833333333334,0.8663967611336032,0.7168141592920354,0.7447916666666666,0.689119170984456,0.9363295880149812,0.9027777777777778,0.7020408163265306,0.7710843373493976,0.897887323943662,0.8767772511848341,0.6441281138790036,0.7956989247311828,0.8995215311004785,0.8848167539267016,0.759656652360515,0.6821705426356589,0.7117117117117117,0.9274193548387096,0.7611336032388664,0.6779026217228464,0.7673267326732673,0.6808510638297872,0.759493670886076,0.8051948051948052,0.768,0.7878787878787878
align-siglip+1b-things+hyp-abl70-7,0.9146805088463226,0.0,0.9644444444444444,0.674074074074074,0.9567039106145252,0.8249258160237388,0.92,0.9523809523809524,0.9243986254295532,0.891640866873065,0.9307692307692308,0.8928571428571429,0.8956521739130435,0.9260969976905312,0.9140271493212668,0.875,0.8605769230769231,0.9506172839506172,0.8773584905660378,0.9629629629629628,0.945,0.944632768361582,0.8932584269662921,0.87109375,0.904494382022472,0.8629441624365483,0.9202453987730062,0.906614785992218,0.8085106382978723,0.968181818181818,0.935483870967742,0.9027027027027028,0.930379746835443,0.9678714859437751,0.980349344978166,0.9311926605504588,0.848780487804878,0.9772727272727272,0.9209809264305178,0.8452380952380952,0.9620253164556962,0.984375,0.8813559322033898,0.9128440366972476,0.8663594470046083,0.963963963963964,0.9205607476635514,0.9835390946502056,0.8717948717948718,0.8770053475935828,0.8428571428571429,0.8949771689497716,0.8629441624365483,0.8648648648648649,0.8651685393258427
align-dinov2+1b-llama-chat-things-7,0.634632530887785,0.0,0.8229166666666666,0.5471698113207547,0.4652338811630847,0.6138613861386139,0.6199261992619927,0.6268115942028986,0.5196629213483146,0.6213592233009708,0.7032967032967034,0.4976303317535545,0.7364620938628159,0.8217391304347826,0.7035573122529645,0.726457399103139,0.6146788990825688,0.6819277108433734,0.4473684210526316,0.7628865979381443,0.5411255411255411,0.6581532416502947,0.5677083333333334,0.6764705882352942,0.6732673267326733,0.7192982456140351,0.8324873096446701,0.7919463087248322,0.495049504950495,0.7509727626459144,0.5213675213675214,0.517948717948718,0.5233160621761658,0.7509157509157509,0.6731517509727627,0.5192307692307693,0.5795454545454546,0.7687074829931972,0.7472766884531591,0.5952380952380952,0.678082191780822,0.6604651162790698,0.6256410256410256,0.4897959183673469,0.4712643678160919,0.5833333333333334,0.7217741935483871,0.7865612648221344,0.6072727272727273,0.6,0.5336134453781513,0.5245901639344263,0.5564853556485355,0.5669291338582677,0.3781094527363184
align-dinov2+1b-llama-things+hyp-abl20cat-218,0.839332748024583,0.0,0.9479166666666666,,,0.8094059405940595,0.915129151291513,,,0.8131067961165048,,,,0.9021739130434784,,,,0.9518072289156626,,,,,0.890625,,,,0.949238578680203,,,,,0.8923076923076924,0.8290155440414507,,,,0.6931818181818182,,,,0.6746575342465754,,,,0.7624521072796935,,0.8790322580645161,0.9881422924901184,0.7781818181818182,0.8585365853658536,0.6638655462184874,,0.7154811715481172,,0.7313432835820896
align-dinov2+500m-things+hyp-abl70-218,0.8635034361748793,0.0,0.9333333333333332,0.8296296296296296,0.9483240223463688,0.7952522255192879,0.7555555555555555,0.9325396825396826,0.9381443298969072,0.8854489164086687,0.9384615384615383,0.7559523809523809,0.7478260869565218,0.9099307159353348,0.9457013574660632,0.8229166666666666,0.7788461538461539,0.904320987654321,0.8537735849056604,0.9037037037037036,0.92,0.9062146892655368,0.6573033707865169,0.80078125,0.7640449438202247,0.8223350253807107,0.9447852760736196,0.926070038910506,0.8457446808510638,0.8727272727272727,0.8548387096774194,0.772972972972973,0.9113924050632912,0.9477911646586346,0.9868995633187772,0.8073394495412844,0.7365853658536585,0.9583333333333334,0.8801089918256131,0.7341269841269841,0.7552742616033755,0.9322916666666666,0.864406779661017,0.8669724770642202,0.7972350230414746,0.8153153153153153,0.9299065420560748,0.925925925925926,0.6794871794871795,0.8288770053475936,0.8142857142857143,0.8401826484018264,0.7461928934010152,0.7702702702702703,0.8314606741573034
align-siglip+1b-llama-things-42,0.5680168131448223,0.0,0.7083333333333334,0.3647798742138364,0.7307206068268015,0.6039603960396039,0.4464944649446494,0.5942028985507246,0.547752808988764,0.558252427184466,0.4468864468864469,0.2417061611374407,0.5379061371841155,0.7782608695652173,0.4347826086956521,0.5829596412556054,0.3577981651376147,0.6265060240963856,0.3903508771929824,0.6701030927835051,0.2987012987012987,0.8094302554027505,0.5833333333333334,0.5,0.4504950495049505,0.5657894736842105,0.766497461928934,0.4932885906040268,0.3217821782178218,0.6848249027237354,0.4444444444444444,0.4564102564102564,0.38860103626943,0.717948717948718,0.7334630350194552,0.6076923076923076,0.5340909090909091,0.6156462585034014,0.6840958605664488,0.4693877551020408,0.5582191780821918,0.4697674418604651,0.441025641025641,0.3877551020408163,0.421455938697318,0.3859649122807017,0.5564516129032258,0.6561264822134387,0.4145454545454545,0.4195121951219512,0.5210084033613446,0.5860655737704918,0.5397489539748954,0.4291338582677165,0.5223880597014925
align-siglip+500m-things+hyp-abl70-7,0.9012282497441146,0.0,0.9377777777777778,0.8,0.973463687150838,0.8130563798219584,0.9688888888888888,0.8968253968253969,0.9381443298969072,0.913312693498452,0.9615384615384616,0.7678571428571429,0.8347826086956521,0.9353348729792148,0.9004524886877828,0.8958333333333334,0.7884615384615384,0.9444444444444444,0.8773584905660378,0.974074074074074,0.835,0.944632768361582,0.7415730337078652,0.86328125,0.797752808988764,0.8324873096446701,0.9570552147239264,0.906614785992218,0.7712765957446809,0.9636363636363636,0.9086021505376344,0.8864864864864865,0.9050632911392406,0.9598393574297188,0.9759825327510916,0.9220183486238532,0.8390243902439024,0.9696969696969696,0.9427792915531336,0.8928571428571429,0.8016877637130801,0.953125,0.847457627118644,0.8807339449541285,0.8571428571428571,0.9144144144144144,0.9205607476635514,0.97119341563786,0.8888888888888888,0.839572192513369,0.819047619047619,0.9315068493150684,0.8121827411167513,0.8423423423423423,0.8595505617977528
align-dinosiglip+1b-llama-things+hyp-abl70-7,0.8689866939611054,0.0,0.9133333333333332,0.8222222222222222,0.9315642458100558,0.8397626112759644,0.8577777777777778,0.8412698412698413,0.9209621993127148,0.913312693498452,0.8692307692307693,0.8452380952380952,0.8869565217391304,0.9053117782909932,0.9095022624434388,0.8489583333333334,0.8701923076923077,0.9660493827160492,0.9622641509433962,0.9185185185185184,0.92,0.9265536723163842,0.6235955056179775,0.81640625,0.8202247191011236,0.8527918781725888,0.98159509202454,0.8754863813229572,0.7074468085106383,0.9136363636363636,0.8118279569892473,0.7945945945945946,0.879746835443038,0.9558232931726908,0.9934497816593888,0.7660550458715596,0.7219512195121951,0.9772727272727272,0.8528610354223434,0.7619047619047619,0.8143459915611815,0.9375,0.8587570621468926,0.8165137614678899,0.7741935483870968,0.6801801801801802,0.897196261682243,0.897119341563786,0.8632478632478633,0.8288770053475936,0.5571428571428572,0.908675799086758,0.8121827411167513,0.8648648648648649,0.8426966292134831
align-dinov2+1b-llama-things+hyp-abl50-7,0.8943024494142705,0.0,0.9590163934426228,0.6846153846153846,0.9797639123102868,0.8445229681978799,0.951219512195122,0.8529411764705882,0.9382716049382716,0.843065693430657,0.8743961352657005,0.9307692307692308,0.9751243781094528,0.9352112676056338,0.9318181818181818,0.8679245283018868,0.8057142857142857,0.906614785992218,0.9473684210526316,0.985781990521327,0.9248554913294798,0.9239130434782608,0.6855345911949685,0.8697674418604651,0.8854961832061069,0.8491620111731844,0.9383561643835616,0.9166666666666666,0.8243243243243243,0.8984771573604061,0.9577464788732394,0.8297872340425532,0.9391891891891893,0.9696969696969696,0.976,0.8895348837209303,0.6647398843930635,0.96,0.91796875,0.7746478873239436,0.8202247191011236,0.95906432748538,0.8764044943820225,0.8531073446327684,0.776595744680851,0.8994082840236687,0.8961748633879781,0.908653846153846,0.8555555555555555,0.9225352112676056,0.7602339181286549,0.9720670391061452,0.8260869565217391,0.8325123152709359,0.8768115942028986
align-dinosiglip+500m-things+hyp-abl50-7,0.8293397231096912,0.0,0.9153005464480874,0.5461538461538461,0.9679595278246206,0.8586572438162544,0.8109756097560976,0.8186274509803921,0.8683127572016461,0.7554744525547445,0.8454106280193237,0.7538461538461538,0.6218905472636815,0.8873239436619719,0.9034090909090908,0.6792452830188679,0.6914285714285714,0.8521400778210116,0.7953216374269005,0.957345971563981,0.7803468208092486,0.9402173913043478,0.5723270440251572,0.7302325581395349,0.816793893129771,0.7430167597765364,0.8493150684931506,0.7407407407407407,0.8648648648648649,0.868020304568528,0.7253521126760564,0.8439716312056738,0.7635135135135135,0.9393939393939394,0.928,0.7616279069767442,0.7745664739884393,0.92,0.87890625,0.7464788732394366,0.7415730337078652,0.95906432748538,0.797752808988764,0.8248587570621468,0.7606382978723404,0.834319526627219,0.8743169398907104,0.9471153846153846,0.6944444444444444,0.7183098591549296,0.7777777777777778,0.770949720670391,0.8012422360248447,0.7684729064039408,0.8333333333333334
align-dinosiglip+1b-llama-chat-things+hyp-abl30-42,0.8996530557779557,0.0,0.9314079422382672,0.782608695652174,0.982885085574572,0.8601036269430051,0.8389830508474576,0.9481481481481482,0.9683544303797468,0.8841463414634146,0.7906976744186046,0.7681159420289855,0.9477611940298508,0.943089430894309,0.9152542372881356,0.9021739130434784,0.8504672897196262,0.970414201183432,0.9130434782608696,0.975609756097561,0.9230769230769232,0.913232104121475,0.9741379310344828,0.8611111111111112,0.8275862068965517,0.7279411764705882,0.9555555555555556,0.8828125,0.853448275862069,1.0,0.945945945945946,0.927927927927928,0.8275862068965517,0.95,0.9723320158102768,0.9672131147540984,0.7976190476190477,0.9790209790209792,0.9,0.902439024390244,0.8083333333333333,0.925531914893617,0.8192771084337349,0.9090909090909092,0.8372093023255814,0.944,0.952755905511811,0.9664429530201344,0.7163120567375887,0.9883720930232558,0.6275862068965518,0.946153846153846,0.7446808510638298,0.768,0.9278350515463918
align-siglip+1b-llama-chat-things+hyp-abl70-42,0.9061997368036264,0.0,0.9222222222222224,0.8814814814814815,0.9804469273743016,0.7952522255192879,0.9066666666666666,0.9285714285714286,0.9175257731958762,0.9380804953560372,0.9153846153846154,0.875,0.8434782608695652,0.9445727482678984,0.8687782805429864,0.9114583333333334,0.7836538461538461,0.941358024691358,0.9575471698113208,0.9592592592592591,0.905,0.9265536723163842,0.8258426966292135,0.890625,0.7528089887640449,0.8071065989847716,0.9386503067484664,0.8443579766536965,0.8882978723404256,0.8954545454545455,0.9301075268817204,0.9621621621621622,0.8860759493670886,0.9718875502008032,0.9890829694323144,0.9357798165137616,0.8585365853658536,0.9356060606060606,0.9346049046321526,0.8531746031746031,0.7932489451476793,0.953125,0.8983050847457628,0.908256880733945,0.8294930875576036,0.8513513513513513,0.883177570093458,0.9588477366255144,0.9145299145299144,0.8823529411764706,0.8523809523809524,0.9360730593607306,0.8934010152284264,0.927927927927928,0.898876404494382
align-dinov2+500m-things+hyp-abl90-7,0.8120973044049967,0.0,0.9229166666666668,0.8859060402684564,0.9702842377260982,0.4241645244215938,0.8421052631578947,0.6654411764705882,0.7073863636363636,0.7853535353535354,0.7366412213740458,0.8140703517587939,0.8352059925093633,0.915217391304348,0.8493723849372385,0.8317757009345794,0.8086124401913876,0.938618925831202,0.956140350877193,0.8812949640287769,0.8354978354978355,0.8912386706948641,0.765625,0.8116438356164384,0.8138297872340425,0.8144796380090498,0.9441624365482234,0.8291814946619217,0.5989583333333334,0.8704453441295547,0.8053097345132744,0.5885416666666666,0.6528497409326425,0.9138576779026216,0.9484126984126984,0.7959183673469388,0.6706827309236948,0.9049295774647887,0.8815165876777251,0.5551601423487544,0.7526881720430108,0.8277511961722488,0.8900523560209425,0.6824034334763949,0.7364341085271318,0.5945945945945946,0.967741935483871,0.8947368421052632,0.7528089887640449,0.8861386138613861,0.5957446808510638,0.7974683544303798,0.6103896103896104,0.72,0.8787878787878788
align-dinosiglip+1b-things+hyp-abl50-218,0.8867589634362797,0.0,0.9262295081967212,0.5846153846153846,0.954468802698145,0.8621908127208481,0.926829268292683,0.9166666666666666,0.9670781893004116,0.8868613138686131,0.9178743961352656,0.8769230769230769,0.9154228855721394,0.9690140845070424,0.8579545454545454,0.8301886792452831,0.76,0.9377431906614786,0.935672514619883,1.0,0.8497109826589595,0.9769021739130436,0.6289308176100629,0.7767441860465116,0.8244274809160306,0.7206703910614525,0.9246575342465754,0.8240740740740741,0.8716216216216216,0.9187817258883249,0.9647887323943662,0.900709219858156,0.7905405405405406,0.9848484848484848,0.968,0.9011627906976744,0.7225433526011561,0.9555555555555556,0.92578125,0.755868544600939,0.797752808988764,0.9415204678362572,0.8651685393258427,0.807909604519774,0.7819148936170213,0.8875739644970414,0.918032786885246,0.9182692307692308,0.7777777777777778,0.9295774647887324,0.8070175438596491,0.9273743016759776,0.8385093167701864,0.8620689655172413,0.8913043478260869
align-dinov2+500m-things+hyp-abl30-42-random,0.8042433947157727,0.0,0.9422382671480144,0.9420289855072465,0.938875305623472,0.7668393782383419,0.7796610169491526,0.9037037037037036,0.8417721518987342,0.8048780487804879,0.8682170542635659,0.6666666666666666,0.7611940298507462,0.8333333333333334,0.9322033898305084,0.9130434782608696,0.897196261682243,0.757396449704142,0.8913043478260869,0.8109756097560976,0.75,0.9045553145336226,0.8189655172413793,0.5694444444444444,0.8620689655172413,0.6323529411764706,0.7888888888888889,0.6015625,0.7413793103448276,0.7404580152671756,0.7837837837837838,0.7837837837837838,0.8045977011494253,0.8416666666666667,0.9090909090909092,0.7868852459016393,0.6904761904761905,0.7832167832167832,0.7,0.8130081300813008,0.6666666666666666,0.8723404255319149,0.7108433734939759,0.8636363636363636,0.8604651162790697,0.8,0.7952755905511811,0.7651006711409396,0.6028368794326241,0.7790697674418605,0.5862068965517241,0.8307692307692308,0.723404255319149,0.704,0.8144329896907216
align-siglip+1b-llama-things+hyp-abl70-7,0.8637227664863284,0.0,0.9266666666666666,0.7925925925925926,0.962290502793296,0.7359050445103857,0.8622222222222222,0.9484126984126984,0.9037800687285223,0.8978328173374613,0.8692307692307693,0.8273809523809523,0.8869565217391304,0.9191685912240184,0.8778280542986425,0.9322916666666666,0.7451923076923077,0.9506172839506172,0.9669811320754716,0.8851851851851852,0.875,0.9514124293785312,0.6966292134831461,0.88671875,0.7415730337078652,0.7969543147208121,0.9570552147239264,0.8521400778210116,0.7712765957446809,0.9409090909090908,0.8172043010752689,0.8054054054054054,0.9240506329113924,0.9477911646586346,0.9585152838427948,0.7798165137614679,0.7121951219512195,0.9583333333333334,0.8446866485013624,0.8214285714285714,0.7552742616033755,0.8958333333333334,0.847457627118644,0.7752293577981652,0.7419354838709677,0.6666666666666666,0.8504672897196262,0.9176954732510288,0.8376068376068376,0.7647058823529411,0.6666666666666666,0.8082191780821918,0.8071065989847716,0.8108108108108109,0.8370786516853933
align-dinosiglip+1b-llama-things+hyp-abl30-42,0.8989858553509474,0.0,0.927797833935018,0.927536231884058,0.9779951100244498,0.8911917098445595,0.9576271186440678,0.8740740740740741,0.9430379746835444,0.9390243902439024,0.8294573643410853,0.7101449275362319,0.8955223880597015,0.9552845528455284,0.9322033898305084,0.8804347826086957,0.9065420560747663,0.970414201183432,0.9565217391304348,1.0,0.9134615384615384,0.911062906724512,0.913793103448276,0.8333333333333334,0.913793103448276,0.9264705882352942,0.9111111111111112,0.890625,0.8879310344827587,0.9923664122137404,0.9009009009009008,0.8918918918918919,0.8620689655172413,0.9583333333333334,0.9723320158102768,0.8934426229508197,0.6785714285714286,0.958041958041958,0.91,0.926829268292683,0.7833333333333333,0.9148936170212766,0.8072289156626506,0.8636363636363636,0.7829457364341085,0.952,0.8740157480314961,0.953020134228188,0.75177304964539,0.9418604651162792,0.6758620689655173,0.9230769230769232,0.6702127659574468,0.688,0.9278350515463918
align-dinov2+500m-things+hyp-abl90-7-random,0.5407626561472715,0.0,0.7020833333333333,0.2751677852348993,0.7428940568475452,0.5629820051413882,0.5141700404858299,0.5477941176470589,0.4971590909090909,0.452020202020202,0.5076335877862596,0.4673366834170854,0.50187265917603,0.6065217391304348,0.401673640167364,0.5,0.5311004784688995,0.5831202046035806,0.5043859649122807,0.6906474820143885,0.3463203463203463,0.7069486404833837,0.546875,0.5924657534246576,0.601063829787234,0.4434389140271493,0.4974619289340101,0.4412811387900356,0.4739583333333333,0.6396761133603239,0.4557522123893805,0.4947916666666667,0.4715025906735751,0.4157303370786517,0.6924603174603174,0.5387755102040817,0.4257028112449799,0.4929577464788732,0.6350710900473934,0.5480427046263345,0.5017921146953405,0.4976076555023923,0.4607329842931937,0.6051502145922747,0.4224806201550387,0.4864864864864865,0.3387096774193548,0.5910931174089069,0.4419475655430712,0.4702970297029702,0.4042553191489361,0.6286919831223629,0.4025974025974026,0.524,0.2171717171717171
align-dinov2+500m-things+hyp-abl30-218,0.9051240992794236,0.0,0.9530685920577616,0.927536231884058,0.9951100244498776,0.8497409326424871,0.864406779661017,0.9407407407407408,0.9746835443037974,0.9085365853658536,0.8992248062015504,0.8260869565217391,0.9104477611940298,0.959349593495935,0.9152542372881356,0.9239130434782608,0.9532710280373832,0.9112426035502958,1.0,0.9939024390243902,0.9134615384615384,0.9067245119305856,0.956896551724138,0.8333333333333334,0.8620689655172413,0.7647058823529411,0.9,0.9140625,0.913793103448276,0.9618320610687024,0.90990990990991,0.8918918918918919,0.9080459770114944,0.9666666666666668,0.9881422924901184,0.8852459016393442,0.6904761904761905,0.951048951048951,0.91,0.8861788617886179,0.775,0.8617021276595744,0.8072289156626506,0.8818181818181818,0.8062015503875969,0.896,0.9448818897637796,0.9798657718120806,0.900709219858156,0.8488372093023255,0.7103448275862069,0.8923076923076924,0.7127659574468085,0.816,0.9587628865979382
align-dinov2+1b-llama-chat-things+hyp-abl50-7,0.8880014199503017,0.0,0.9316939890710384,0.946153846153846,0.9747048903878583,0.8621908127208481,0.9390243902439024,0.8921568627450981,0.9547325102880658,0.864963503649635,0.8743961352657005,0.8846153846153846,0.900497512437811,0.9183098591549296,0.8920454545454546,0.8742138364779874,0.8057142857142857,0.953307392996109,0.95906432748538,0.962085308056872,0.8786127167630058,0.9320652173913044,0.7421383647798742,0.8186046511627907,0.7786259541984732,0.664804469273743,0.9383561643835616,0.9074074074074074,0.9256756756756755,0.9543147208121828,0.8380281690140845,0.8652482269503546,0.8918918918918919,0.9595959595959596,0.9973333333333332,0.9534883720930232,0.6878612716763006,0.8977777777777778,0.8984375,0.8356807511737089,0.9157303370786516,0.8888888888888888,0.8707865168539326,0.847457627118644,0.7819148936170213,0.8816568047337278,0.9234972677595628,0.903846153846154,0.7055555555555556,0.852112676056338,0.783625730994152,0.88268156424581,0.8074534161490683,0.7881773399014779,0.8623188405797102
align-dinov2+1b-llama-things+hyp-abl30-42,0.9040565785962102,0.0,0.9422382671480144,0.927536231884058,0.9926650366748166,0.8497409326424871,0.9915254237288136,0.9481481481481482,0.981012658227848,0.8963414634146342,0.8914728682170543,0.8985507246376812,0.9701492537313432,0.959349593495935,0.9152542372881356,0.9239130434782608,0.8598130841121495,0.9112426035502958,0.9130434782608696,0.9817073170731708,0.9615384615384616,0.8763557483731019,0.8793103448275862,0.7777777777777778,0.9913793103448276,0.8235294117647058,0.9,0.9609375,0.9224137931034484,0.9694656488549618,0.918918918918919,0.8918918918918919,0.9310344827586208,0.95,0.9762845849802372,0.9426229508196722,0.6309523809523809,0.9790209790209792,0.885,0.902439024390244,0.7666666666666667,0.946808510638298,0.8795180722891566,0.8,0.7906976744186046,0.816,0.937007874015748,0.9731543624161074,0.8368794326241135,0.9534883720930232,0.7172413793103448,0.9076923076923076,0.7127659574468085,0.736,0.9587628865979382
align-dinov2+500m-things+hyp-abl50-218-random,0.7234646787362442,0.0,0.8387978142076503,0.676923076923077,0.9308600337268128,0.6360424028268551,0.7317073170731707,0.6421568627450981,0.7613168724279835,0.7226277372262774,0.748792270531401,0.6923076923076923,0.6666666666666666,0.8140845070422535,0.7443181818181818,0.6289308176100629,0.7257142857142858,0.6964980544747081,0.8538011695906432,0.6587677725118484,0.630057803468208,0.8980978260869565,0.4968553459119497,0.5162790697674419,0.7786259541984732,0.6256983240223464,0.6917808219178082,0.625,0.6756756756756757,0.751269035532995,0.7887323943661971,0.6453900709219859,0.6824324324324325,0.6616161616161617,0.8613333333333333,0.7732558139534884,0.6647398843930635,0.6222222222222222,0.8046875,0.6572769953051644,0.6235955056179775,0.7076023391812866,0.6910112359550562,0.7457627118644068,0.526595744680851,0.5739644970414202,0.7759562841530054,0.6971153846153846,0.4777777777777778,0.6267605633802817,0.6608187134502924,0.8659217877094972,0.6708074534161491,0.6896551724137931,0.6521739130434783
align-siglip+1b-llama-chat-things+hyp-abl90-42,0.7337278106508875,0.0,0.8666666666666667,0.5503355704697986,0.8359173126614987,0.6401028277634961,0.6072874493927125,0.7389705882352942,0.7840909090909091,0.6287878787878788,0.8015267175572519,0.5175879396984925,0.7528089887640449,0.7739130434782608,0.6192468619246861,0.7149532710280374,0.6746411483253588,0.8107416879795396,0.6140350877192983,0.8093525179856115,0.4372294372294372,0.8882175226586103,0.7708333333333334,0.75,0.5,0.7647058823529411,0.8629441624365483,0.6832740213523132,0.6197916666666666,0.8097165991902834,0.6061946902654868,0.703125,0.5854922279792746,0.8913857677902621,0.876984126984127,0.7142857142857143,0.7188755020080321,0.9190140845070424,0.8578199052132701,0.5693950177935944,0.6415770609318996,0.9043062200956936,0.6230366492146597,0.648068669527897,0.6124031007751938,0.6711711711711712,0.7701612903225806,0.8825910931174089,0.5880149812734082,0.7178217821782178,0.6127659574468085,0.7257383966244726,0.6493506493506493,0.716,0.5
align-dinosiglip+1b-llama-things-42,0.803910329894281,0.0,0.7791666666666667,0.6226415094339622,0.8407079646017699,0.8193069306930693,0.8745387453874539,0.8297101449275363,0.898876404494382,0.7888349514563107,0.8864468864468864,0.7345971563981043,0.7472924187725631,0.8869565217391304,0.9130434782608696,0.7488789237668162,0.8073394495412844,0.9373493975903614,0.9517543859649122,0.9003436426116839,0.8138528138528138,0.8172888015717092,0.6666666666666666,0.7581699346405228,0.7425742574257426,0.8421052631578947,0.883248730964467,0.8489932885906041,0.6732673267326733,0.8638132295719845,0.8076923076923077,0.8051282051282052,0.7461139896373057,0.8791208791208791,0.9221789883268484,0.6923076923076923,0.6553030303030303,0.9047619047619048,0.6623093681917211,0.7414965986394558,0.6404109589041096,0.8418604651162791,0.8256410256410256,0.7591836734693878,0.7432950191570882,0.8377192982456141,0.8669354838709677,0.841897233201581,0.7527272727272727,0.8195121951219512,0.5588235294117647,0.7704918032786885,0.7656903765690377,0.7165354330708661,0.736318407960199
align-dinosiglip+1b-things-7,0.738632021398548,0.0,0.81875,0.6666666666666666,0.9721871049304678,0.5594059405940595,0.7896678966789668,0.782608695652174,0.8426966292134831,0.5703883495145631,0.7728937728937729,0.2748815165876777,0.7256317689530686,0.7565217391304347,0.691699604743083,0.8116591928251121,0.6559633027522935,0.9012048192771084,0.8728070175438597,0.8075601374570447,0.6883116883116883,0.9135559921414538,0.6302083333333334,0.7516339869281046,0.6138613861386139,0.8201754385964912,0.8426395939086294,0.6879194630872483,0.5693069306930693,0.8365758754863813,0.7136752136752137,0.5948717948717949,0.6994818652849741,0.8791208791208791,0.8171206225680934,0.5846153846153846,0.6287878787878788,0.7278911564625851,0.477124183006536,0.6496598639455783,0.6301369863013698,0.8744186046511628,0.5538461538461539,0.7836734693877551,0.7471264367816092,0.6885964912280702,0.8266129032258065,0.83399209486166,0.6909090909090909,0.7951219512195122,0.6428571428571429,0.6967213114754098,0.6359832635983264,0.7125984251968503,0.4626865671641791
align-dinov2+1b-llama-things+hyp-abl30cat-42,0.8098095787651471,0.0,,0.7861635220125787,,,,0.9528985507246376,,0.7087378640776699,0.9047619047619048,0.8009478672985783,,0.8130434782608695,0.924901185770751,,,,,0.972508591065292,0.8961038961038961,0.6335952848722987,,,,0.8201754385964912,0.9441624365482234,,,0.906614785992218,,0.7846153846153846,,0.9304029304029304,,,,0.9727891156462584,0.7777777777777778,0.7755102040816326,0.7671232876712328,0.786046511627907,,0.7795918367346939,0.7011494252873564,0.7543859649122807,0.8830645161290323,0.984189723320158,,0.8292682926829268,0.680672268907563,0.8565573770491803,,0.7480314960629921,0.7761194029850746
align-siglip+1b-things+hyp-abl30-218,0.9012543368027756,0.0,0.9314079422382672,0.6231884057971014,0.9902200488997556,0.8652849740932642,0.9152542372881356,0.9481481481481482,0.9367088607594936,0.9878048780487804,0.937984496124031,0.8115942028985508,0.8731343283582089,0.943089430894309,0.940677966101695,0.8913043478260869,0.8317757009345794,0.893491124260355,0.9891304347826086,0.975609756097561,0.8269230769230769,0.9219088937093276,0.9051724137931034,0.8541666666666666,0.8362068965517241,0.75,0.9,0.9140625,0.913793103448276,0.931297709923664,0.9369369369369368,0.8738738738738738,0.896551724137931,0.95,0.9723320158102768,0.8770491803278688,0.8095238095238095,0.9790209790209792,0.89,0.902439024390244,0.7416666666666667,0.9893617021276596,0.8433734939759037,0.8818181818181818,0.8294573643410853,0.944,0.9448818897637796,0.9798657718120806,0.900709219858156,0.9069767441860463,0.696551724137931,0.8923076923076924,0.7340425531914894,0.784,0.9175257731958762
align-dinov2+500m-things+hyp-abl30cat-42,0.7990767455279861,0.0,,0.8427672955974843,,,,0.894927536231884,,0.6213592233009708,0.6153846153846154,0.7535545023696683,,0.8304347826086956,0.8893280632411067,,,,,0.9072164948453608,0.9047619047619048,0.7779960707269156,,,,0.8464912280701754,0.8984771573604061,,,0.8871595330739299,,0.7230769230769231,,0.9304029304029304,,,,0.9489795918367347,0.7647058823529411,0.7040816326530612,0.7671232876712328,0.7023255813953488,,0.7183673469387755,0.8122605363984674,0.6008771929824561,0.9193548387096774,0.984189723320158,,0.8195121951219512,0.6176470588235294,0.8155737704918032,,0.7716535433070866,0.8507462686567164
align-dinov2+500m-things-7,0.8118074130683989,0.0,0.9083333333333332,0.6037735849056604,0.95448798988622,0.8292079207920792,0.8450184501845018,0.8478260869565217,0.8848314606741573,0.6771844660194175,0.8901098901098901,0.5592417061611374,0.8700361010830325,0.915217391304348,0.8616600790513834,0.8116591928251121,0.7752293577981652,0.9228915662650602,0.8421052631578947,0.9003436426116839,0.8658008658008658,0.7671905697445972,0.6145833333333334,0.8137254901960784,0.7029702970297029,0.7280701754385965,0.9847715736040608,0.9026845637583892,0.6633663366336634,0.867704280155642,0.7905982905982906,0.7025641025641025,0.8497409326424871,0.9413919413919414,0.8813229571984436,0.7153846153846154,0.6818181818181818,0.9285714285714286,0.6775599128540305,0.7244897959183674,0.726027397260274,0.8790697674418605,0.8923076923076924,0.7387755102040816,0.7701149425287356,0.6929824561403509,0.8991935483870968,0.8695652173913043,0.68,0.8292682926829268,0.7184873949579832,0.7663934426229508,0.7238493723849372,0.8740157480314961,0.681592039800995
align-dinosiglip+1b-llama-chat-things+hyp-abl10-7,0.936834094368341,0.0,0.9090909090909092,1.0,1.0,0.8679245283018868,1.0,1.0,0.9454545454545454,0.9310344827586208,0.9714285714285714,0.8095238095238095,1.0,1.0,1.0,0.7894736842105263,1.0,1.0,0.875,0.9838709677419356,0.94,0.978021978021978,0.9761904761904762,0.7959183673469388,0.8484848484848485,1.0,0.8846153846153846,0.9473684210526316,1.0,1.0,0.9333333333333332,1.0,1.0,0.9166666666666666,1.0,0.9574468085106383,0.75,0.9230769230769232,0.9104477611940298,0.8936170212765957,0.7333333333333333,0.96875,0.9722222222222222,0.935483870967742,0.851063829787234,0.9782608695652174,0.9166666666666666,1.0,0.8888888888888888,0.8,0.7777777777777778,0.9210526315789472,0.8958333333333334,0.7796610169491526,0.9318181818181818
align-siglip+500m-things+hyp-abl30-42,0.9012543368027756,0.0,0.9205776173285198,0.8260869565217391,0.9902200488997556,0.8549222797927462,0.9576271186440678,0.9407407407407408,0.9367088607594936,0.9390243902439024,0.8294573643410853,0.9420289855072465,0.7761194029850746,0.9227642276422764,0.9322033898305084,0.9456521739130436,0.9345794392523364,0.9526627218934912,1.0,0.945121951219512,0.9519230769230768,0.9327548806941433,0.9310344827586208,0.8541666666666666,0.7672413793103449,0.6911764705882353,0.9333333333333332,0.8828125,0.9224137931034484,0.9465648854961832,0.8108108108108109,0.972972972972973,0.8045977011494253,0.95,0.9762845849802372,1.0,0.7738095238095238,0.9790209790209792,0.845,0.951219512195122,0.775,0.8404255319148937,0.8313253012048193,0.8909090909090909,0.8217054263565892,0.912,0.9448818897637796,0.906040268456376,0.7801418439716312,0.9651162790697676,0.7862068965517242,0.9230769230769232,0.7659574468085106,0.824,0.9587628865979382
align-siglip+500m-things-218,0.6797860145204433,0.0,0.8354166666666667,0.320754716981132,0.888748419721871,0.7054455445544554,0.5756457564575646,0.572463768115942,0.8314606741573034,0.6067961165048543,0.7435897435897436,0.4691943127962085,0.6859205776173285,0.7695652173913043,0.5533596837944664,0.6412556053811659,0.6422018348623854,0.7397590361445783,0.543859649122807,0.8144329896907216,0.4891774891774891,0.7770137524557956,0.5625,0.6633986928104575,0.5346534653465347,0.706140350877193,0.7360406091370558,0.610738255033557,0.5643564356435643,0.7587548638132295,0.5598290598290598,0.6256410256410256,0.4818652849740932,0.8644688644688645,0.7762645914396887,0.6423076923076924,0.5909090909090909,0.8027210884353742,0.7363834422657952,0.4557823129251701,0.6301369863013698,0.8511627906976744,0.4461538461538462,0.6612244897959184,0.6819923371647509,0.5833333333333334,0.6491935483870968,0.8102766798418972,0.5563636363636364,0.6292682926829268,0.5630252100840336,0.6967213114754098,0.6359832635983264,0.6771653543307087,0.5074626865671642
align-dinov2+500m-things+hyp-abl90-42-random,0.5401051939513478,0.0,0.6979166666666666,0.2751677852348993,0.537467700258398,0.596401028277635,0.5344129554655871,0.4669117647058823,0.5511363636363636,0.5050505050505051,0.4083969465648855,0.3668341708542713,0.5056179775280899,0.6478260869565218,0.4309623430962343,0.397196261682243,0.507177033492823,0.6265984654731458,0.5789473684210527,0.5755395683453237,0.4112554112554112,0.8479355488418933,0.5104166666666666,0.5684931506849316,0.5319148936170213,0.5248868778280543,0.3604060913705584,0.597864768683274,0.5885416666666666,0.5789473684210527,0.3407079646017699,0.4739583333333333,0.6062176165803109,0.5318352059925093,0.7023809523809523,0.4897959183673469,0.4497991967871486,0.4119718309859155,0.6635071090047393,0.5480427046263345,0.4731182795698925,0.5023923444976076,0.4659685863874345,0.463519313304721,0.4069767441860465,0.481981981981982,0.375,0.5546558704453441,0.4419475655430712,0.5297029702970297,0.4425531914893617,0.5654008438818565,0.4718614718614718,0.424,0.3232323232323232
align-dinov2+500m-things+hyp-abl90-218-random,0.5219592373438527,0.0,0.5291666666666667,0.4161073825503356,0.7403100775193798,0.6066838046272494,0.4291497975708502,0.4926470588235294,0.3522727272727273,0.5126262626262627,0.5038167938931297,0.5829145728643216,0.5917602996254682,0.5260869565217391,0.6108786610878661,0.4626168224299065,0.5454545454545454,0.659846547314578,0.5350877192982456,0.5287769784172662,0.4415584415584415,0.56797583081571,0.5833333333333334,0.541095890410959,0.3936170212765957,0.4434389140271493,0.583756345177665,0.4519572953736654,0.3541666666666667,0.6275303643724697,0.5619469026548672,0.4010416666666667,0.5440414507772021,0.6404494382022472,0.6567460317460317,0.3795918367346939,0.4497991967871486,0.4823943661971831,0.7037914691943128,0.5693950177935944,0.4516129032258064,0.3062200956937799,0.3141361256544502,0.4678111587982833,0.3875968992248062,0.5,0.3669354838709677,0.4736842105263157,0.4681647940074906,0.4900990099009901,0.3829787234042553,0.6371308016877637,0.4242424242424242,0.548,0.2626262626262626
align-dinov2+1b-things+hyp-abl90-7,0.7963182117028271,0.0,0.90625,0.5436241610738255,0.9573643410852714,0.7377892030848329,0.8380566801619433,0.8308823529411765,0.8607954545454546,0.8055555555555556,0.8091603053435115,0.5527638190954773,0.7228464419475655,0.7326086956521739,0.7656903765690377,0.7149532710280374,0.6124401913875598,0.8439897698209718,0.8289473684210527,0.8884892086330936,0.8398268398268398,0.916414904330312,0.6510416666666666,0.797945205479452,0.6542553191489362,0.8371040723981901,0.8730964467005076,0.8256227758007118,0.7395833333333334,0.8582995951417004,0.6902654867256637,0.7708333333333334,0.7305699481865285,0.8838951310861424,0.8948412698412699,0.636734693877551,0.7791164658634538,0.9401408450704224,0.8151658767772512,0.6761565836298933,0.7455197132616488,0.7942583732057417,0.8481675392670157,0.7467811158798283,0.6937984496124031,0.6621621621621622,0.8790322580645161,0.8623481781376519,0.6179775280898876,0.693069306930693,0.7063829787234043,0.7257383966244726,0.7402597402597403,0.788,0.7171717171717171
align-dinov2+1b-things-218,0.8377913641574322,0.0,0.9354166666666668,0.8113207547169812,0.97724399494311,0.7648514851485149,0.8634686346863468,0.9130434782608696,0.9213483146067416,0.5679611650485437,0.7728937728937729,0.8720379146919431,0.9386281588447654,0.9195652173913044,0.8814229249011858,0.7219730941704036,0.7935779816513762,0.9518072289156626,0.9078947368421052,0.9312714776632304,0.8961038961038961,0.8683693516699411,0.6770833333333334,0.8071895424836601,0.7376237623762376,0.8640350877192983,0.9593908629441624,0.8859060402684564,0.8118811881188119,0.8599221789883269,0.7564102564102564,0.7384615384615385,0.8860103626943006,0.8974358974358975,0.8638132295719845,0.7038461538461539,0.7803030303030303,0.9591836734693876,0.8235294117647058,0.6632653061224489,0.7226027397260274,0.9302325581395348,0.9076923076923076,0.7510204081632653,0.7471264367816092,0.8070175438596491,0.9233870967741936,0.9525691699604744,0.7636363636363637,0.8585365853658536,0.6974789915966386,0.7336065573770492,0.6610878661087866,0.7952755905511811,0.746268656716418
align-dinov2+1b-llama-chat-things+hyp-abl10cat-7,0.8475734791524265,0.0,,,,,,,,,,,0.9097472924187726,,,0.7757847533632287,,,,,,,,,,,,,0.801980198019802,,,,,0.9487179487179488,0.9494163424124512,,,,0.7777777777777778,,,,,,,,0.8548387096774194,0.9881422924901184,,,0.7142857142857143,,0.6569037656903766,,
align-dinosiglip+1b-llama-chat-things-7,0.6201757737867788,0.0,0.83125,0.4276729559748428,0.9279393173198482,0.5173267326732673,0.5571955719557196,0.6376811594202898,0.7331460674157303,0.5218446601941747,0.5641025641025641,0.4502369668246445,0.5379061371841155,0.6391304347826087,0.4901185770750988,0.5829596412556054,0.3853211009174312,0.7518072289156627,0.5482456140350878,0.6701030927835051,0.3852813852813853,0.831041257367387,0.5208333333333334,0.5816993464052288,0.5346534653465347,0.6622807017543859,0.6091370558375635,0.5671140939597316,0.5792079207920792,0.6342412451361867,0.5555555555555556,0.6461538461538462,0.5595854922279793,0.8315018315018315,0.6614785992217899,0.4038461538461538,0.5189393939393939,0.8027210884353742,0.5816993464052288,0.5612244897959183,0.5513698630136986,0.627906976744186,0.4717948717948718,0.563265306122449,0.5134099616858238,0.5087719298245614,0.4959677419354839,0.6877470355731226,0.5709090909090909,0.6585365853658537,0.6134453781512605,0.5450819672131147,0.5439330543933054,0.5826771653543307,0.2935323383084577
align-dinov2+1b-llama-chat-things-218,0.7211183288753025,0.0,0.84375,0.6415094339622641,0.5372945638432364,0.6138613861386139,0.6642066420664207,0.8079710144927537,0.8286516853932584,0.6359223300970874,0.6593406593406593,0.5545023696682464,0.7472924187725631,0.8673913043478261,0.8063241106719368,0.7892376681614349,0.6467889908256881,0.8361445783132531,0.881578947368421,0.8075601374570447,0.645021645021645,0.8290766208251473,0.6770833333333334,0.7745098039215687,0.6831683168316832,0.7982456140350878,0.8781725888324873,0.6140939597315436,0.6435643564356436,0.7626459143968871,0.6538461538461539,0.5230769230769231,0.6735751295336787,0.8937728937728938,0.9280155642023348,0.8346153846153846,0.6477272727272727,0.8809523809523809,0.7494553376906318,0.7006802721088435,0.7054794520547946,0.627906976744186,0.7333333333333333,0.5714285714285714,0.6206896551724138,0.5833333333333334,0.7540322580645161,0.7075098814229249,0.6690909090909091,0.7024390243902439,0.6134453781512605,0.5163934426229508,0.5941422594142259,0.6692913385826772,0.5671641791044776
align-dinov2+1b-things+hyp-abl20cat-7,0.8001755926251097,0.0,0.9604166666666668,,,0.6955445544554455,0.8487084870848709,,,0.5024271844660194,,,,0.8652173913043478,,,,0.944578313253012,,,,,0.7916666666666666,,,,0.949238578680203,,,,,0.8307692307692308,0.8860103626943006,,,,0.5833333333333334,,,,0.7328767123287672,,,,0.7624521072796935,,0.9193548387096774,0.8735177865612648,0.7527272727272727,0.9073170731707316,0.7352941176470589,,0.6694560669456067,,0.8557213930348259
align-dinov2+500m-things+hyp-abl90-218,0.856147271531887,0.0,0.95,0.7181208053691275,0.9651162790697676,0.7506426735218509,0.8906882591093117,0.8198529411764706,0.9403409090909092,0.8080808080808081,0.9427480916030534,0.6884422110552764,0.7752808988764045,0.9021739130434784,0.9414225941422594,0.9018691588785048,0.7990430622009569,0.918158567774936,0.956140350877193,0.9388489208633094,0.9177489177489178,0.9264853977844916,0.6927083333333334,0.7876712328767124,0.8936170212765957,0.8371040723981901,0.8730964467005076,0.9074733096085408,0.71875,0.9433198380566802,0.6283185840707964,0.703125,0.8601036269430051,0.9588014981273408,0.9503968253968254,0.7510204081632653,0.7710843373493976,0.9014084507042254,0.8909952606635071,0.7295373665480427,0.8637992831541219,0.9330143540669856,0.8691099476439791,0.6866952789699571,0.8023255813953488,0.7567567567567568,0.9314516129032258,0.9676113360323888,0.7640449438202247,0.8613861386138614,0.7148936170212766,0.7974683544303798,0.7142857142857143,0.788,0.7878787878787878
align-dinov2+1b-llama-things+hyp-abl90-42,0.8493754109138725,0.0,0.86875,0.8590604026845637,0.9560723514211886,0.6632390745501285,0.8825910931174089,0.8860294117647058,0.8863636363636364,0.7752525252525253,0.8358778625954199,0.7889447236180904,0.9176029962546816,0.8804347826086957,0.9246861924686192,0.7429906542056075,0.7894736842105263,0.9514066496163684,0.9385964912280702,0.9676258992805756,0.9047619047619048,0.9013091641490432,0.65625,0.821917808219178,0.7553191489361702,0.8371040723981901,0.9695431472081218,0.8754448398576512,0.75,0.9635627530364372,0.7920353982300885,0.8645833333333334,0.8082901554404145,0.9662921348314608,0.98015873015873,0.7387755102040816,0.6385542168674698,0.9612676056338028,0.8933649289099526,0.6619217081850534,0.906810035842294,0.9138755980861244,0.900523560209424,0.6566523605150214,0.6744186046511628,0.7657657657657657,0.8830645161290323,0.9676113360323888,0.7490636704119851,0.8613861386138614,0.7404255319148936,0.7721518987341772,0.7229437229437229,0.736,0.8787878787878788
align-dinosiglip+1b-llama-chat-things+hyp-abl70-42,0.8357947068284837,0.0,0.9222222222222224,0.7555555555555555,0.9273743016759776,0.7329376854599406,0.7466666666666667,0.8531746031746031,0.9175257731958762,0.8637770897832817,0.8346153846153846,0.7678571428571429,0.8043478260869565,0.9237875288683602,0.8371040723981901,0.765625,0.7019230769230769,0.9660493827160492,0.9150943396226416,0.8074074074074075,0.83,0.9389830508474576,0.7584269662921348,0.8125,0.7134831460674157,0.8324873096446701,0.8834355828220859,0.8599221789883269,0.75,0.8409090909090909,0.7580645161290323,0.7837837837837838,0.759493670886076,0.9397590361445785,0.9323144104803494,0.8027522935779816,0.7268292682926829,0.8674242424242424,0.8746594005449592,0.8690476190476191,0.8143459915611815,0.8958333333333334,0.7909604519774012,0.7522935779816514,0.7188940092165899,0.5945945945945946,0.8037383177570093,0.9012345679012346,0.7307692307692307,0.786096256684492,0.6142857142857143,0.8036529680365296,0.8223350253807107,0.8423423423423423,0.7808988764044944
align-siglip+1b-llama-chat-things+hyp-abl30-42,0.9348812383239924,0.0,0.9386281588447654,0.8695652173913043,0.9975550122249388,0.8652849740932642,1.0,0.8962962962962963,0.9556962025316456,0.9939024390243902,0.9689922480620154,0.8985507246376812,0.9626865671641792,0.9390243902439024,0.9152542372881356,0.9565217391304348,0.8598130841121495,0.9467455621301776,0.9891304347826086,1.0,0.8846153846153846,0.9436008676789588,0.9310344827586208,0.875,0.8706896551724138,0.8308823529411765,0.9,0.921875,0.9310344827586208,0.9541984732824428,0.963963963963964,0.945945945945946,0.9195402298850576,1.0,0.9723320158102768,0.9754098360655736,0.9285714285714286,0.9790209790209792,0.925,0.8536585365853658,0.8666666666666667,0.946808510638298,0.8674698795180723,0.9636363636363636,0.8449612403100775,0.944,0.9763779527559056,0.9865771812080536,0.9361702127659576,0.9767441860465116,0.8344827586206897,0.9384615384615383,0.8936170212765957,0.872,0.979381443298969
align-siglip+1b-things+hyp-abl70-218,0.8480040941658137,0.0,0.9244444444444444,0.8444444444444444,0.9413407821229052,0.7537091988130564,0.8888888888888888,0.8015873015873016,0.9828178694158076,0.8421052631578947,0.8615384615384616,0.8154761904761905,0.6739130434782609,0.8637413394919169,0.9049773755656108,0.875,0.6538461538461539,0.941358024691358,0.9150943396226416,0.8851851851851852,0.875,0.9378531073446328,0.5898876404494382,0.8515625,0.7247191011235955,0.8274111675126904,0.901840490797546,0.7392996108949417,0.723404255319149,0.8454545454545455,0.8870967741935484,0.8324324324324325,0.7721518987341772,0.9357429718875502,0.9279475982532752,0.7706422018348624,0.751219512195122,0.928030303030303,0.8583106267029973,0.8452380952380952,0.7383966244725738,0.9635416666666666,0.8587570621468926,0.7477064220183486,0.7741935483870968,0.6576576576576577,0.9252336448598132,0.9218106995884774,0.7735042735042735,0.7967914438502673,0.7285714285714285,0.7671232876712328,0.8426395939086294,0.8873873873873874,0.848314606741573
align-dinosiglip+1b-things+hyp-abl50-7,0.8876464323748668,0.0,0.9508196721311476,0.7076923076923077,0.9629005059021922,0.833922261484099,0.9146341463414634,0.8872549019607843,0.9423868312757202,0.843065693430657,0.9516908212560388,0.8923076923076924,0.8656716417910447,0.9323943661971832,0.8863636363636364,0.8176100628930818,0.8514285714285714,0.8949416342412452,0.953216374269006,1.0,0.8901734104046243,0.9266304347826086,0.7295597484276729,0.8,0.8396946564885496,0.7430167597765364,0.9315068493150684,0.8842592592592593,0.8108108108108109,0.8883248730964467,0.8380281690140845,0.9148936170212766,0.8783783783783784,0.9848484848484848,0.9626666666666668,0.9069767441860463,0.815028901734104,0.9466666666666668,0.921875,0.7746478873239436,0.8651685393258427,0.9181286549707602,0.8426966292134831,0.8305084745762712,0.6968085106382979,0.8994082840236687,0.9617486338797814,0.903846153846154,0.8111111111111111,0.8380281690140845,0.8771929824561403,0.9720670391061452,0.9006211180124224,0.8029556650246306,0.8768115942028986
align-siglip+1b-llama-chat-things+hyp-abl70-7,0.844056148559731,0.0,0.9133333333333332,0.837037037037037,0.9553072625698324,0.7744807121661721,0.7466666666666667,0.9047619047619048,0.845360824742268,0.8761609907120743,0.8153846153846154,0.7202380952380952,0.8652173913043478,0.8337182448036952,0.7782805429864253,0.8958333333333334,0.7211538461538461,0.9166666666666666,0.9009433962264152,0.8444444444444444,0.84,0.9152542372881356,0.7808988764044944,0.8671875,0.6797752808988764,0.8020304568527918,0.901840490797546,0.8054474708171206,0.6968085106382979,0.8545454545454545,0.8817204301075269,0.6864864864864865,0.9050632911392406,0.927710843373494,0.9519650655021834,0.8165137614678899,0.7853658536585366,0.9166666666666666,0.8365122615803815,0.7579365079365079,0.7805907172995781,0.8020833333333334,0.807909604519774,0.7339449541284404,0.8341013824884793,0.6351351351351351,0.8411214953271028,0.9382716049382716,0.8589743589743589,0.7700534759358288,0.819047619047619,0.7990867579908676,0.8274111675126904,0.90990990990991,0.8314606741573034
align-dinov2+1b-things+hyp-abl10cat-218,0.7764866712235133,0.0,,,,,,,,,,,0.7436823104693141,,,0.6143497757847534,,,,,,,,,,,,,0.806930693069307,,,,,0.967032967032967,0.6614785992217899,,,,0.7930283224400871,,,,,,,,0.9032258064516128,0.9762845849802372,,,0.6932773109243697,,0.6778242677824268,,
align-dinov2+1b-llama-things+hyp-abl10cat-7,0.8161312371838687,0.0,,,,,,,,,,,0.9169675090252708,,,0.6098654708520179,,,,,,,,,,,,,0.7871287128712872,,,,,0.9743589743589745,0.7645914396887159,,,,0.7581699346405228,,,,,,,,0.9112903225806452,0.9802371541501976,,,0.7226890756302521,,0.7782426778242678,,
align-dinosiglip+1b-llama-things+hyp-abl90-42,0.7083497698882314,0.0,0.8395833333333333,0.3422818791946309,0.7945736434108527,0.5295629820051414,0.6437246963562753,0.7794117647058824,0.7556818181818182,0.6818181818181818,0.7213740458015268,0.6231155778894473,0.6741573033707865,0.8130434782608695,0.6317991631799164,0.602803738317757,0.6076555023923444,0.9130434782608696,0.7894736842105263,0.762589928057554,0.4632034632034632,0.8982880161127895,0.640625,0.636986301369863,0.6702127659574468,0.8144796380090498,0.883248730964467,0.6548042704626335,0.5885416666666666,0.8016194331983806,0.5796460176991151,0.6041666666666666,0.4300518134715025,0.7715355805243446,0.873015873015873,0.6,0.5983935742971888,0.6267605633802817,0.8246445497630331,0.5338078291814946,0.6917562724014337,0.7607655502392344,0.6178010471204188,0.6394849785407726,0.5,0.6936936936936937,0.782258064516129,0.8663967611336032,0.550561797752809,0.6831683168316832,0.6,0.6877637130801688,0.6277056277056277,0.644,0.6717171717171717
align-dinov2+500m-things+hyp-abl10-7,0.9193302891933028,0.0,0.9292929292929292,0.84375,0.9924242424242424,0.9433962264150944,1.0,1.0,1.0,0.7931034482758621,0.9714285714285714,0.6190476190476191,0.9736842105263158,1.0,0.8055555555555556,1.0,1.0,0.9322033898305084,0.8541666666666666,0.935483870967742,0.96,0.9615384615384616,0.9047619047619048,0.8979591836734694,0.6666666666666666,0.953125,0.8846153846153846,0.8947368421052632,0.9827586206896552,1.0,0.9666666666666668,0.8275862068965517,0.7894736842105263,0.9375,1.0,1.0,0.9545454545454546,1.0,0.8955223880597015,0.7872340425531915,0.6666666666666666,0.9375,0.9722222222222222,0.967741935483871,0.9148936170212766,0.9565217391304348,0.9166666666666666,1.0,0.7777777777777778,0.8571428571428571,0.7407407407407407,0.8947368421052632,0.6875,0.8813559322033898,0.9318181818181818
align-dinosiglip+1b-llama-things+hyp-abl70-42,0.702222547156017,0.0,0.8777777777777778,0.5111111111111111,0.914804469273743,0.744807121661721,0.5822222222222222,0.6746031746031746,0.8419243986254296,0.6346749226006192,0.7307692307692307,0.4464285714285714,0.6521739130434783,0.7759815242494227,0.7285067873303167,0.6197916666666666,0.5576923076923077,0.7561728395061729,0.6792452830188679,0.7592592592592593,0.435,0.9401129943502824,0.5393258426966292,0.69140625,0.6235955056179775,0.7208121827411168,0.6687116564417178,0.5953307392996109,0.5319148936170213,0.7818181818181819,0.6559139784946236,0.6162162162162163,0.5569620253164557,0.7831325301204819,0.8602620087336245,0.6467889908256881,0.6536585365853659,0.7765151515151515,0.7520435967302452,0.5992063492063492,0.5189873417721519,0.7552083333333334,0.5819209039548022,0.5,0.7327188940092166,0.527027027027027,0.7476635514018691,0.7366255144032922,0.5128205128205128,0.4064171122994652,0.6142857142857143,0.6210045662100456,0.5989847715736041,0.7342342342342343,0.601123595505618
align-dinov2+1b-llama-chat-things+hyp-abl30cat-218,0.7314483554529717,0.0,,0.8616352201257862,,,,0.9021739130434784,,0.6820388349514563,0.7948717948717948,0.6872037914691943,,0.8847826086956522,0.8774703557312253,,,,,0.9106529209621992,0.8961038961038961,0.2396856581532416,,,,0.8201754385964912,0.9441624365482234,,,0.8715953307392996,,0.6461538461538462,,0.8644688644688645,,,,0.935374149659864,0.7973856209150327,0.6836734693877551,0.5924657534246576,0.7953488372093023,,0.6979591836734694,0.7547892720306514,0.7587719298245614,0.5443548387096774,0.9723320158102768,,0.7853658536585366,0.6218487394957983,0.8319672131147541,,0.8346456692913385,0.8606965174129353
align-dinov2+1b-things+hyp-abl20cat-42,0.8312554872695347,0.0,0.95,,,0.7178217821782178,0.915129151291513,,,0.5315533980582524,,,,0.9130434782608696,,,,0.9590361445783132,,,,,0.9375,,,,0.9898477157360406,,,,,0.8666666666666667,0.8341968911917098,,,,0.6590909090909091,,,,0.7876712328767124,,,,0.7318007662835249,,0.9556451612903226,0.9960474308300395,0.8036363636363636,0.8829268292682927,0.7563025210084033,,0.6610878661087866,,0.8656716417910447
align-dinosiglip+1b-llama-chat-things+hyp-abl90-42,0.8165680473372781,0.0,0.90625,0.8322147651006712,0.9521963824289406,0.7506426735218509,0.7206477732793523,0.7389705882352942,0.8295454545454546,0.7095959595959596,0.6946564885496184,0.5527638190954773,0.7940074906367042,0.9217391304347826,0.9121338912133892,0.7616822429906542,0.7033492822966507,0.9514066496163684,0.9342105263157896,0.8669064748201439,0.8398268398268398,0.8439073514602216,0.6614583333333334,0.7808219178082192,0.6542553191489362,0.7918552036199095,0.8883248730964467,0.797153024911032,0.6875,0.9595141700404858,0.7566371681415929,0.7604166666666666,0.7875647668393783,0.9737827715355806,0.9662698412698412,0.710204081632653,0.6947791164658634,0.9119718309859156,0.8341232227488151,0.7864768683274022,0.7634408602150538,0.8086124401913876,0.8586387434554974,0.7639484978540773,0.7131782945736435,0.7072072072072072,0.8629032258064516,0.902834008097166,0.7378277153558053,0.7722772277227723,0.7276595744680852,0.7932489451476793,0.7705627705627706,0.796,0.803030303030303
align-dinov2+1b-llama-things+hyp-abl70-42,0.878783447872496,0.0,0.8844444444444445,0.6814814814814815,0.9720670391061452,0.7804154302670623,0.9244444444444444,0.8888888888888888,0.9415807560137456,0.8792569659442725,0.9230769230769232,0.8869047619047619,0.8913043478260869,0.9214780600461894,0.9230769230769232,0.7916666666666666,0.875,0.941358024691358,0.9433962264150944,0.9074074074074074,0.92,0.9175141242937852,0.5955056179775281,0.8671875,0.898876404494382,0.8578680203045685,0.9754601226993864,0.9027237354085604,0.8563829787234043,0.9136363636363636,0.9193548387096774,0.8486486486486486,0.879746835443038,0.9518072289156626,0.9519650655021834,0.9128440366972476,0.6536585365853659,0.9696969696969696,0.8910081743869209,0.7301587301587301,0.8270042194092827,0.8958333333333334,0.8926553672316384,0.8119266055045872,0.7972350230414746,0.7792792792792793,0.9158878504672896,0.9547325102880658,0.7692307692307693,0.9090909090909092,0.7095238095238096,0.8127853881278538,0.8324873096446701,0.8198198198198198,0.8651685393258427
align-dinosiglip+1b-llama-chat-things-42,0.5880779518532671,0.0,0.7875,0.4591194968553459,0.8230088495575221,0.3415841584158416,0.5535055350553506,0.7210144927536232,0.5168539325842697,0.4660194174757281,0.4871794871794871,0.4549763033175355,0.6534296028880866,0.4739130434782608,0.4466403162055335,0.452914798206278,0.4587155963302752,0.7493975903614458,0.6228070175438597,0.6769759450171822,0.4545454545454545,0.650294695481336,0.671875,0.4444444444444444,0.5742574257425742,0.6271929824561403,0.7055837563451777,0.6174496644295302,0.5445544554455446,0.7354085603112841,0.5598290598290598,0.558974358974359,0.3678756476683937,0.7948717948717948,0.6653696498054474,0.5961538461538461,0.4848484848484848,0.7482993197278912,0.5555555555555556,0.5578231292517006,0.6095890410958904,0.5255813953488372,0.5897435897435898,0.4816326530612245,0.4559386973180077,0.4035087719298245,0.6653225806451613,0.6719367588932806,0.4945454545454545,0.5707317073170731,0.5378151260504201,0.5122950819672131,0.5983263598326359,0.6653543307086615,0.417910447761194
align-dinosiglip+1b-things+hyp-abl30-218,0.9198025086736056,0.0,0.967509025270758,0.927536231884058,0.9926650366748166,0.8601036269430051,0.9745762711864406,0.9407407407407408,0.981012658227848,0.9329268292682928,0.875968992248062,0.8985507246376812,0.9701492537313432,0.9715447154471544,0.923728813559322,0.9130434782608696,0.9626168224299064,0.9585798816568049,0.9891304347826086,0.9817073170731708,0.8461538461538461,0.9219088937093276,0.9396551724137931,0.8541666666666666,0.8879310344827587,0.8235294117647058,0.9111111111111112,0.9375,0.956896551724138,0.9923664122137404,0.990990990990991,0.918918918918919,0.8505747126436781,0.975,0.984189723320158,0.860655737704918,0.8333333333333334,0.9790209790209792,0.93,0.8861788617886179,0.8083333333333333,0.8723404255319149,0.8192771084337349,0.9,0.8449612403100775,0.952,0.984251968503937,0.9865771812080536,0.851063829787234,0.8837209302325582,0.7655172413793103,0.9307692307692308,0.6170212765957447,0.752,0.9690721649484536
align-dinov2+500m-things+hyp-abl10cat-42,0.8820915926179084,0.0,,,,,,,,,,,0.9097472924187726,,,0.8834080717488789,,,,,,,,,,,,,0.7326732673267327,,,,,0.978021978021978,0.9027237354085604,,,,0.8997821350762527,,,,,,,,0.9435483870967742,0.9683794466403162,,,0.773109243697479,,0.7405857740585774,,
align-dinov2+500m-things+hyp-abl30-7,0.8948492127034962,0.0,0.9530685920577616,0.9565217391304348,1.0,0.844559585492228,0.8559322033898306,0.925925925925926,0.9683544303797468,0.9207317073170732,0.875968992248062,0.782608695652174,0.9776119402985076,0.951219512195122,0.9152542372881356,0.9565217391304348,0.8785046728971962,0.9112426035502958,0.967391304347826,0.975609756097561,0.8461538461538461,0.8763557483731019,0.896551724137931,0.8541666666666666,0.8017241379310345,0.8014705882352942,0.9,0.953125,0.8362068965517241,0.9770992366412212,0.90990990990991,0.8648648648648649,0.896551724137931,0.95,0.984189723320158,0.8852459016393442,0.6428571428571429,0.9790209790209792,0.86,0.91869918699187,0.8,0.9042553191489362,0.8554216867469879,0.8636363636363636,0.8604651162790697,0.896,0.937007874015748,0.9798657718120806,0.7872340425531915,0.872093023255814,0.6344827586206897,0.9,0.5531914893617021,0.816,0.9381443298969072
align-dinov2+1b-llama-chat-things+hyp-abl50-42,0.8873801916932907,0.0,0.9398907103825136,0.7,0.9527824620573356,0.8445229681978799,0.902439024390244,0.9019607843137256,0.9382716049382716,0.7956204379562044,0.8743961352657005,0.9153846153846154,0.9353233830845772,0.9014084507042254,0.9147727272727272,0.8364779874213837,0.8571428571428571,0.9455252918287936,0.9649122807017544,0.976303317535545,0.884393063583815,0.9402173913043478,0.8867924528301887,0.8372093023255814,0.8625954198473282,0.6815642458100558,0.952054794520548,0.8425925925925926,0.8175675675675675,0.9543147208121828,0.8943661971830986,0.7446808510638298,0.945945945945946,0.9646464646464646,0.968,0.8953488372093024,0.7341040462427746,0.9822222222222222,0.91015625,0.8403755868544601,0.8426966292134831,0.9766081871345028,0.8595505617977528,0.7457627118644068,0.7925531914893617,0.9053254437869822,0.8961748633879781,0.8605769230769231,0.8388888888888889,0.9014084507042254,0.7426900584795322,0.9329608938547486,0.8571428571428571,0.7980295566502463,0.9057971014492754
align-dinov2+1b-llama-things+hyp-abl10cat-42,0.7740943267259057,0.0,,,,,,,,,,,0.8267148014440433,,,0.5650224215246636,,,,,,,,,,,,,0.7920792079207921,,,,,0.9633699633699634,0.8754863813229572,,,,0.5947712418300654,,,,,,,,0.8588709677419355,0.8379446640316206,,,0.6470588235294118,,0.7740585774058577,,
align-dinov2+1b-llama-things+hyp-abl40cat-218,0.8457219251336898,0.0,0.8979166666666667,,0.9203539823008848,0.7524752475247525,0.9003690036900369,,,0.6650485436893204,0.8901098901098901,0.8246445497630331,,,0.924901185770751,0.7892376681614349,0.8807339449541285,,0.9736842105263158,0.9243986254295532,,,0.8177083333333334,,0.9306930693069309,0.8333333333333334,0.9238578680203046,0.8422818791946308,0.7277227722772277,,0.8418803418803419,0.8153846153846154,0.8652849740932642,0.9487179487179488,0.9727626459143968,0.8192307692307692,0.625,0.9625850340136054,0.8540305010893247,,0.7568493150684932,0.8930232558139535,0.8974358974358975,0.8204081632653061,0.7854406130268199,,0.8629032258064516,0.924901185770751,0.8145454545454546,,0.7352941176470589,0.8073770491803278,0.7322175732217573,0.7440944881889764,0.7263681592039801
align-dinov2+500m-things+hyp-abl50-42-random,0.719826056088037,0.0,0.7923497267759563,0.7615384615384615,0.9224283305227656,0.7067137809187279,0.7926829268292683,0.6176470588235294,0.7283950617283951,0.7408759124087592,0.5652173913043478,0.4615384615384615,0.5174129353233831,0.7267605633802817,0.8522727272727273,0.8427672955974843,0.6685714285714286,0.7470817120622568,0.7485380116959064,0.6919431279620853,0.6705202312138728,0.8845108695652174,0.5786163522012578,0.6139534883720931,0.900763358778626,0.5251396648044693,0.8287671232876712,0.7638888888888888,0.7027027027027027,0.7817258883248731,0.7112676056338029,0.6312056737588653,0.6621621621621622,0.8888888888888888,0.856,0.6627906976744186,0.6936416184971098,0.6977777777777778,0.73828125,0.5868544600938967,0.702247191011236,0.543859649122807,0.6404494382022472,0.7457627118644068,0.6382978723404256,0.5207100591715976,0.7158469945355191,0.6298076923076923,0.4,0.5774647887323944,0.6549707602339181,0.7318435754189944,0.6770186335403726,0.7635467980295566,0.7318840579710145
align-dinosiglip+1b-things+hyp-abl70-7,0.8614563532680216,0.0,0.9333333333333332,0.925925925925926,0.979050279329609,0.8249258160237388,0.8711111111111111,0.9365079365079364,0.9484536082474226,0.8668730650154799,0.8692307692307693,0.8095238095238095,0.7608695652173914,0.8706697459584296,0.9321266968325792,0.8645833333333334,0.7403846153846154,0.9228395061728396,0.9433962264150944,0.9296296296296296,0.825,0.9593220338983052,0.5898876404494382,0.859375,0.7528089887640449,0.8375634517766497,0.98159509202454,0.7431906614785992,0.7606382978723404,0.8727272727272727,0.8924731182795699,0.827027027027027,0.8987341772151899,0.9437751004016064,0.9541484716157204,0.8348623853211009,0.8097560975609757,0.9128787878787878,0.8392370572207084,0.6428571428571429,0.7932489451476793,0.859375,0.8305084745762712,0.8211009174311926,0.7465437788018433,0.7972972972972973,0.8925233644859814,0.934156378600823,0.8333333333333334,0.7165775401069518,0.6571428571428571,0.8264840182648402,0.7817258883248731,0.7837837837837838,0.8595505617977528
align-siglip+1b-llama-chat-things-218,0.488409119857343,0.0,0.5875,0.2515723270440251,0.5195954487989887,0.4826732673267326,0.4354243542435424,0.5942028985507246,0.5196629213483146,0.3689320388349514,0.4139194139194139,0.4123222748815165,0.4981949458483754,0.5152173913043478,0.3122529644268774,0.515695067264574,0.4541284403669725,0.5084337349397591,0.3859649122807017,0.6151202749140894,0.4199134199134199,0.668958742632613,0.515625,0.5032679738562091,0.400990099009901,0.4824561403508772,0.4720812182741117,0.5973154362416108,0.3712871287128713,0.5875486381322957,0.4572649572649572,0.5128205128205128,0.4455958549222797,0.608058608058608,0.5097276264591439,0.4615384615384615,0.5303030303030303,0.3843537414965986,0.5315904139433552,0.5612244897959183,0.5376712328767124,0.413953488372093,0.4307692307692308,0.5183673469387755,0.3371647509578544,0.4956140350877193,0.3266129032258064,0.375494071146245,0.44,0.4975609756097561,0.4117647058823529,0.4508196721311475,0.4811715481171548,0.437007874015748,0.3134328358208955
align-dinov2+500m-things+hyp-abl30-42,0.9016546570589804,0.0,0.9494584837545126,0.8840579710144928,0.9975550122249388,0.844559585492228,0.8898305084745762,0.9333333333333332,0.9873417721518988,0.9085365853658536,0.9147286821705426,0.6956521739130435,0.8805970149253731,0.9552845528455284,0.9067796610169492,0.9347826086956522,0.9345794392523364,0.9585798816568049,0.9782608695652174,0.975609756097561,0.8557692307692307,0.9197396963123644,0.9741379310344828,0.8125,0.8620689655172413,0.8014705882352942,0.9,0.9453125,0.9051724137931034,0.9923664122137404,0.8558558558558559,0.9009009009009008,0.8390804597701149,1.0,0.9802371541501976,0.9426229508196722,0.7023809523809523,0.972027972027972,0.895,0.8861788617886179,0.775,0.9361702127659576,0.891566265060241,0.8818181818181818,0.7984496124031008,0.88,0.9291338582677166,0.9798657718120806,0.7943262411347518,0.9186046511627908,0.6758620689655173,0.9384615384615383,0.5531914893617021,0.728,0.9587628865979382
align-dinov2+500m-things+hyp-abl50-218,0.8895101171458999,0.0,0.9617486338797814,0.7769230769230769,0.9527824620573356,0.8197879858657244,0.9146341463414634,0.9362745098039216,0.8271604938271605,0.8576642335766423,0.9565217391304348,0.9307692307692308,0.9900497512437813,0.943661971830986,0.9375,0.7924528301886793,0.7828571428571428,0.906614785992218,0.935672514619883,1.0,0.9364161849710982,0.9307065217391304,0.7735849056603774,0.8046511627906977,0.7786259541984732,0.8100558659217877,0.863013698630137,0.8611111111111112,0.8918918918918919,0.9543147208121828,0.908450704225352,0.8085106382978723,0.8513513513513513,0.9646464646464646,0.9706666666666668,0.8546511627906976,0.7109826589595376,0.9555555555555556,0.94140625,0.9061032863849764,0.8202247191011236,0.9707602339181286,0.8258426966292135,0.8418079096045198,0.7925531914893617,0.8757396449704142,0.912568306010929,0.9182692307692308,0.8277777777777777,0.8873239436619719,0.7368421052631579,0.9664804469273744,0.782608695652174,0.812807881773399,0.855072463768116
align-dinov2+500m-things+hyp-abl40cat-218,0.8609625668449198,0.0,0.9,,0.9709228824273072,0.8193069306930693,0.8745387453874539,,,0.837378640776699,0.8974358974358975,0.8483412322274881,,,0.924901185770751,0.8923766816143498,0.8211009174311926,,0.8421052631578947,0.9828178694158076,,,0.8802083333333334,,0.8811881188118812,0.8201754385964912,0.9086294416243654,0.906040268456376,0.801980198019802,,0.7264957264957265,0.8307692307692308,0.8601036269430051,0.956043956043956,0.8735408560311284,0.7961538461538461,0.7462121212121212,0.8843537414965986,0.9041394335511984,,0.7636986301369864,0.8976744186046511,0.8769230769230769,0.7836734693877551,0.7854406130268199,,0.8830645161290323,0.9644268774703556,0.8436363636363636,,0.7647058823529411,0.8934426229508197,0.7698744769874477,0.7283464566929134,0.7611940298507462
align-siglip+1b-llama-chat-things+hyp-abl50-7,0.9079694710685126,0.0,0.9508196721311476,0.8076923076923077,0.9612141652613828,0.8798586572438163,0.951219512195122,0.9411764705882352,0.8353909465020576,0.916058394160584,0.9758454106280192,0.9307692307692308,0.9552238805970148,0.9549295774647888,0.9659090909090908,0.8490566037735849,0.7371428571428571,0.953307392996109,0.95906432748538,0.981042654028436,0.9710982658959536,0.9347826086956522,0.7610062893081762,0.8418604651162791,0.7938931297709924,0.8100558659217877,0.9315068493150684,0.7268518518518519,0.8783783783783784,0.9390862944162436,0.9577464788732394,0.9432624113475178,0.8783783783783784,0.9848484848484848,0.9733333333333334,0.9593023255813954,0.8092485549132948,0.9688888888888888,0.921875,0.9014084507042254,0.8146067415730337,0.9707602339181286,0.8876404494382022,0.8700564971751412,0.8936170212765957,0.9349112426035504,0.9289617486338798,0.9375,0.8222222222222222,0.8169014084507042,0.8011695906432749,0.9385474860335196,0.9565217391304348,0.8423645320197044,0.8695652173913043
align-siglip+1b-things+hyp-abl30-42,0.9386175607152388,0.0,0.924187725631769,0.8985507246376812,0.9853300733496332,0.8911917098445595,0.9661016949152542,0.9555555555555556,0.9873417721518988,0.951219512195122,0.9612403100775194,0.8840579710144928,0.9850746268656716,0.943089430894309,0.923728813559322,0.9565217391304348,0.8504672897196262,0.9644970414201184,0.967391304347826,1.0,0.9134615384615384,0.9088937093275488,0.9310344827586208,0.8819444444444444,0.8879310344827587,0.8455882352941176,0.9,0.96875,0.896551724137931,0.9923664122137404,0.990990990990991,0.963963963963964,0.9080459770114944,1.0,0.9881422924901184,0.9344262295081968,0.9523809523809524,0.9790209790209792,0.885,0.975609756097561,0.8666666666666667,0.9042553191489362,0.9397590361445785,0.9818181818181818,0.8372093023255814,0.976,0.9763779527559056,0.9932885906040269,0.9219858156028368,0.9767441860465116,0.8482758620689655,0.9615384615384616,0.851063829787234,0.912,1.0
align-dinov2+1b-things+hyp-abl30cat-7,0.7854587420657819,0.0,,0.7547169811320755,,,,0.6376811594202898,,0.8543689320388349,0.5860805860805861,0.909952606635071,,0.908695652173913,0.9288537549407114,,,,,0.9690721649484536,0.9393939393939394,0.4597249508840864,,,,0.8552631578947368,0.9847715736040608,,,0.9455252918287936,,0.7948717948717948,,0.9304029304029304,,,,0.9489795918367347,0.7886710239651417,0.7006802721088435,0.791095890410959,0.7023255813953488,,0.8244897959183674,0.789272030651341,0.7192982456140351,0.6895161290322581,0.9881422924901184,,0.848780487804878,0.819327731092437,0.7786885245901639,,0.7440944881889764,0.8706467661691543
align-dinosiglip+1b-llama-chat-things+hyp-abl30-7,0.8944488924472912,0.0,0.9169675090252708,0.8115942028985508,0.980440097799511,0.8134715025906736,0.7711864406779662,0.925925925925926,0.9430379746835444,0.9085365853658536,0.8449612403100775,0.782608695652174,0.9552238805970148,0.959349593495935,0.9152542372881356,0.8586956521739131,0.9439252336448598,0.9467455621301776,0.9456521739130436,0.9939024390243902,0.903846153846154,0.9088937093275488,0.9482758620689656,0.8333333333333334,0.8620689655172413,0.7941176470588235,0.8666666666666667,0.9140625,0.8275862068965517,0.8931297709923665,0.963963963963964,0.8378378378378378,0.942528735632184,0.95,0.9723320158102768,0.9098360655737704,0.7380952380952381,0.9790209790209792,0.85,0.8943089430894309,0.7833333333333333,0.8936170212765957,0.8674698795180723,0.8545454545454545,0.8062015503875969,0.904,0.9212598425196852,0.9798657718120806,0.8226950354609929,1.0,0.6206896551724138,0.9769230769230768,0.776595744680851,0.752,0.9484536082474226
align-siglip+1b-llama-things+hyp-abl10-42,0.936834094368341,0.0,0.9292929292929292,0.65625,1.0,0.8301886792452831,1.0,0.9830508474576272,0.9454545454545454,0.9655172413793104,0.9714285714285714,0.8095238095238095,1.0,0.9886363636363636,0.9722222222222222,1.0,0.945945945945946,1.0,0.9375,1.0,0.96,0.9945054945054944,0.9047619047619048,0.6938775510204082,0.7575757575757576,1.0,0.9230769230769232,0.8947368421052632,0.896551724137931,0.9032258064516128,0.9666666666666668,1.0,1.0,0.9375,0.975,0.9787234042553192,0.8409090909090909,1.0,0.9701492537313432,0.851063829787234,0.8,0.875,0.8333333333333334,1.0,0.8297872340425532,1.0,0.95,1.0,0.8222222222222222,0.8285714285714286,0.8888888888888888,0.8947368421052632,1.0,1.0,0.8863636363636364
align-dinosiglip+1b-things+hyp-abl70-218,0.8338938441292587,0.0,0.9111111111111112,0.5925925925925926,0.9511173184357542,0.7863501483679525,0.8,0.9126984126984128,0.9106529209621992,0.7708978328173375,0.8076923076923077,0.75,0.7608695652173914,0.745958429561201,0.8642533936651584,0.8072916666666666,0.7692307692307693,0.9074074074074074,0.910377358490566,0.8333333333333334,0.875,0.9310734463276836,0.5561797752808989,0.8671875,0.6685393258426966,0.8527918781725888,0.9325153374233128,0.8326848249027238,0.7074468085106383,0.8590909090909091,0.7849462365591398,0.8540540540540541,0.8860759493670886,0.9558232931726908,0.9847161572052402,0.7981651376146789,0.7024390243902439,0.9242424242424242,0.8637602179836512,0.6349206349206349,0.810126582278481,0.8697916666666666,0.9096045197740112,0.7752293577981652,0.7788018433179723,0.6126126126126126,0.897196261682243,0.897119341563786,0.7521367521367521,0.7914438502673797,0.6238095238095238,0.8264840182648402,0.766497461928934,0.8243243243243243,0.8595505617977528
align-dinosiglip+1b-things+hyp-abl90-42,0.8256410256410256,0.0,0.8729166666666667,0.7718120805369127,0.7984496124031008,0.7660668380462725,0.8421052631578947,0.6948529411764706,0.9147727272727272,0.8055555555555556,0.8396946564885496,0.5678391959798995,0.8089887640449438,0.8717391304347826,0.7866108786610879,0.7850467289719626,0.7703349282296651,0.948849104859335,0.8771929824561403,0.8669064748201439,0.9047619047619048,0.9566968781470292,0.6979166666666666,0.821917808219178,0.7553191489361702,0.7330316742081447,0.8375634517766497,0.7508896797153025,0.734375,0.8947368421052632,0.7964601769911505,0.8385416666666666,0.8808290155440415,0.9700374531835206,0.9543650793650794,0.7020408163265306,0.7871485943775101,0.908450704225352,0.7819905213270142,0.7864768683274022,0.8888888888888888,0.7751196172248804,0.8429319371727748,0.8326180257510729,0.8062015503875969,0.7477477477477478,0.8991935483870968,0.7246963562753036,0.6741573033707865,0.8217821782178217,0.7148936170212766,0.7721518987341772,0.8268398268398268,0.82,0.7777777777777778
align-dinosiglip+500m-things+hyp-abl10-42,0.9299847792998478,0.0,0.9191919191919192,0.9375,1.0,0.8301886792452831,1.0,0.9830508474576272,0.8909090909090909,0.896551724137931,1.0,0.8571428571428571,1.0,0.9772727272727272,0.9444444444444444,1.0,0.8108108108108109,1.0,0.8541666666666666,0.967741935483871,1.0,0.945054945054945,0.7857142857142857,0.7755102040816326,1.0,0.984375,0.8846153846153846,0.8947368421052632,1.0,1.0,0.9,0.896551724137931,0.8421052631578947,0.9375,1.0,0.9574468085106383,0.9545454545454546,0.9230769230769232,0.9253731343283582,0.8936170212765957,0.8333333333333334,0.9375,0.9722222222222222,1.0,0.8297872340425532,0.8913043478260869,0.9333333333333332,1.0,0.8444444444444444,0.8285714285714286,0.8518518518518519,0.9473684210526316,0.7291666666666666,1.0,0.9318181818181818
align-siglip+1b-llama-things-7,0.7260221627818112,0.0,0.8583333333333333,0.5723270440251572,0.7408343868520859,0.4801980198019802,0.7416974169741697,0.7536231884057971,0.7780898876404494,0.558252427184466,0.6446886446886447,0.5355450236966824,0.8411552346570397,0.8260869565217391,0.6837944664031621,0.757847533632287,0.5596330275229358,0.891566265060241,0.9473684210526316,0.7800687285223368,0.5108225108225108,0.9204322200392928,0.8020833333333334,0.6568627450980392,0.5346534653465347,0.6842105263157895,0.7766497461928934,0.6778523489932886,0.6534653465346535,0.8015564202334631,0.7393162393162394,0.5794871794871795,0.5699481865284974,0.8827838827838828,0.877431906614786,0.7346153846153847,0.5378787878787878,0.7482993197278912,0.7603485838779956,0.6292517006802721,0.6027397260273972,0.7069767441860465,0.7435897435897436,0.7510204081632653,0.6053639846743295,0.6578947368421053,0.842741935483871,0.7786561264822134,0.6545454545454545,0.7804878048780488,0.6092436974789915,0.7049180327868853,0.5564853556485355,0.6653543307086615,0.746268656716418
align-siglip+1b-llama-chat-things-42,0.723219971978092,0.0,0.8770833333333333,0.5345911949685535,0.7130214917825537,0.6806930693069307,0.7084870848708487,0.6956521739130435,0.7471910112359551,0.6116504854368932,0.73992673992674,0.5308056872037915,0.7870036101083032,0.8260869565217391,0.6007905138339921,0.7443946188340808,0.6743119266055045,0.8578313253012049,0.8245614035087719,0.8075601374570447,0.5151515151515151,0.8241650294695482,0.703125,0.6143790849673203,0.5445544554455446,0.8508771929824561,0.8477157360406091,0.7181208053691275,0.5643564356435643,0.7859922178988327,0.6923076923076923,0.6051282051282051,0.6735751295336787,0.8608058608058609,0.8735408560311284,0.7307692307692307,0.625,0.826530612244898,0.8583877995642701,0.717687074829932,0.613013698630137,0.7395348837209302,0.6,0.673469387755102,0.6666666666666666,0.5087719298245614,0.8104838709677419,0.8774703557312253,0.5890909090909091,0.6292682926829268,0.6134453781512605,0.6721311475409836,0.602510460251046,0.6771653543307087,0.6169154228855721
align-dinosiglip+1b-things+hyp-abl70-42,0.8683287030267584,0.0,0.9377777777777778,0.8,0.9678770949720672,0.7774480712166172,0.7911111111111111,0.9007936507936508,0.8556701030927835,0.8823529411764706,0.8807692307692307,0.8988095238095238,0.8130434782608695,0.9330254041570438,0.8914027149321267,0.875,0.8028846153846154,0.941358024691358,0.9339622641509434,0.9222222222222224,0.955,0.9412429378531072,0.6741573033707865,0.828125,0.7134831460674157,0.7715736040609137,0.9202453987730062,0.8871595330739299,0.8670212765957447,0.8681818181818182,0.8118279569892473,0.827027027027027,0.9113924050632912,0.9477911646586346,0.960698689956332,0.7706422018348624,0.8,0.8901515151515151,0.8991825613079019,0.6626984126984127,0.8607594936708861,0.921875,0.8587570621468926,0.8394495412844036,0.7142857142857143,0.8423423423423423,0.8738317757009346,0.9176954732510288,0.8376068376068376,0.8021390374331551,0.680952380952381,0.8858447488584474,0.8426395939086294,0.8108108108108109,0.8202247191011236
align-dinov2+500m-things+hyp-abl10-218,0.9250380517503806,0.0,0.9191919191919192,0.90625,0.9772727272727272,0.9622641509433962,0.8888888888888888,1.0,0.9454545454545454,0.8793103448275862,0.9142857142857144,0.8095238095238095,0.9210526315789472,1.0,0.6944444444444444,0.8947368421052632,0.8918918918918919,0.9661016949152542,0.9166666666666666,0.967741935483871,0.92,0.9615384615384616,0.9285714285714286,0.8979591836734694,0.9696969696969696,0.953125,0.8846153846153846,0.8947368421052632,0.9482758620689656,1.0,1.0,0.896551724137931,0.9473684210526316,0.9375,1.0,1.0,0.8409090909090909,1.0,0.8955223880597015,0.7872340425531915,0.7666666666666667,0.8125,1.0,1.0,0.9148936170212766,1.0,0.9166666666666666,0.9814814814814816,0.8888888888888888,0.7714285714285715,0.7407407407407407,0.9473684210526316,0.7083333333333334,0.9152542372881356,0.9318181818181818
align-dinov2+1b-things+hyp-abl30-42,0.9133973845743262,0.0,0.9530685920577616,0.9420289855072465,1.0,0.8238341968911918,0.9576271186440678,0.9333333333333332,0.9936708860759492,0.8841463414634146,0.9147286821705426,0.8985507246376812,0.9776119402985076,0.9308943089430894,0.9067796610169492,0.9130434782608696,0.9813084112149532,0.9112426035502958,0.9565217391304348,0.975609756097561,0.8846153846153846,0.8785249457700651,0.8879310344827587,0.8680555555555556,0.8793103448275862,0.8308823529411765,0.9777777777777776,0.953125,0.9310344827586208,0.9923664122137404,0.945945945945946,0.954954954954955,0.9310344827586208,0.9583333333333334,0.9920948616600792,0.9344262295081968,0.7857142857142857,0.9790209790209792,0.88,0.8373983739837398,0.8083333333333333,0.8404255319148937,0.9397590361445785,0.9181818181818182,0.7751937984496124,0.896,0.952755905511811,0.9798657718120806,0.8439716312056738,0.9534883720930232,0.7448275862068966,0.9,0.7978723404255319,0.76,0.9690721649484536
align-dinov2+1b-llama-chat-things+hyp-abl40cat-42,0.7729055258467024,0.0,0.9041666666666668,,0.2882427307206068,0.7128712871287128,0.8044280442804428,,,0.616504854368932,0.8754578754578755,0.6966824644549763,,,0.8814229249011858,0.8430493273542601,0.8440366972477065,,0.9517543859649122,0.7869415807560137,,,0.7760416666666666,,0.7722772277227723,0.9166666666666666,0.9796954314720812,0.8087248322147651,0.7574257425742574,,0.8461538461538461,0.7435897435897436,0.8704663212435233,0.934065934065934,0.9474708171206224,0.8576923076923076,0.7121212121212122,0.979591836734694,0.8322440087145969,,0.678082191780822,0.8418604651162791,0.882051282051282,0.7755102040816326,0.7662835249042146,,0.8145161290322581,0.7944664031620553,0.7418181818181818,,0.6764705882352942,0.7581967213114754,0.694560669456067,0.7598425196850394,0.6716417910447762
align-siglip+500m-things+hyp-abl50-218,0.8852502662406816,0.0,0.9562841530054644,0.7,0.954468802698145,0.8127208480565371,0.8902439024390244,0.9362745098039216,0.9547325102880658,0.8795620437956204,0.9227053140096618,0.8384615384615385,0.8159203980099502,0.9408450704225352,0.9204545454545454,0.7547169811320755,0.7314285714285714,0.906614785992218,0.9005847953216374,0.990521327014218,0.930635838150289,0.9442934782608696,0.5911949685534591,0.8232558139534883,0.8396946564885496,0.6033519553072626,0.9246575342465754,0.8981481481481481,0.8513513513513513,0.9035532994923858,0.9788732394366196,0.9290780141843972,0.8716216216216216,0.9494949494949496,0.9893333333333332,0.9418604651162792,0.7745664739884393,0.9733333333333334,0.87109375,0.784037558685446,0.7303370786516854,0.9766081871345028,0.9157303370786516,0.8757062146892656,0.7978723404255319,0.863905325443787,0.918032786885246,0.9326923076923076,0.8166666666666667,0.9154929577464788,0.7894736842105263,0.8770949720670391,0.906832298136646,0.8177339901477833,0.9347826086956522
align-siglip+1b-llama-chat-things+hyp-abl10-218,0.9463470319634704,0.0,0.9292929292929292,0.90625,1.0,0.8301886792452831,1.0,1.0,0.9818181818181818,1.0,0.9714285714285714,0.8571428571428571,1.0,1.0,0.8888888888888888,0.9473684210526316,0.972972972972973,0.9830508474576272,0.9375,0.9838709677419356,0.94,0.9615384615384616,0.9047619047619048,0.8367346938775511,0.696969696969697,0.984375,0.9230769230769232,0.8421052631578947,0.9482758620689656,1.0,1.0,0.9655172413793104,0.9736842105263158,0.9375,1.0,1.0,0.9318181818181818,1.0,0.9850746268656716,0.8936170212765957,0.8,0.90625,0.8333333333333334,1.0,0.9148936170212766,1.0,0.95,1.0,0.9555555555555556,0.8857142857142857,0.8518518518518519,0.8947368421052632,0.8333333333333334,0.9322033898305084,1.0
align-dinosiglip+1b-llama-chat-things+hyp-abl50-218,0.8762868299609514,0.0,0.9617486338797814,0.7307692307692307,0.9780775716694772,0.8480565371024735,0.8658536585365854,0.8382352941176471,0.8847736625514403,0.843065693430657,0.8695652173913043,0.8615384615384616,0.7960199004975125,0.9267605633802816,0.9261363636363636,0.7044025157232704,0.7885714285714286,0.9027237354085604,0.9766081871345028,0.95260663507109,0.8901734104046243,0.8980978260869565,0.7861635220125787,0.8604651162790697,0.7175572519083969,0.8435754189944135,0.8904109589041096,0.8611111111111112,0.8243243243243243,0.9289340101522844,0.8450704225352113,0.8723404255319149,0.9054054054054054,0.9545454545454546,0.9733333333333334,0.8430232558139535,0.7398843930635838,0.9733333333333334,0.9140625,0.9061032863849764,0.7752808988764045,0.935672514619883,0.8426966292134831,0.8248587570621468,0.7712765957446809,0.8757396449704142,0.8852459016393442,0.9278846153846154,0.8,0.8380281690140845,0.6842105263157895,0.9497206703910616,0.8571428571428571,0.812807881773399,0.855072463768116
align-dinosiglip+1b-llama-things+hyp-abl10-42,0.9159056316590564,0.0,0.898989898989899,0.8125,0.9772727272727272,0.7169811320754716,1.0,0.9322033898305084,0.9818181818181818,0.896551724137931,1.0,0.8095238095238095,1.0,1.0,0.8888888888888888,0.8947368421052632,0.8108108108108109,0.9322033898305084,0.8541666666666666,0.9032258064516128,0.98,0.9945054945054944,0.7619047619047619,0.7959183673469388,0.6060606060606061,0.984375,0.8846153846153846,0.8947368421052632,0.8793103448275862,1.0,1.0,0.9655172413793104,0.9473684210526316,0.9375,1.0,0.9574468085106383,0.7272727272727273,0.8076923076923077,1.0,0.9148936170212766,0.8333333333333334,0.875,0.9722222222222222,1.0,0.7872340425531915,0.9782608695652174,0.9166666666666666,0.9444444444444444,0.8888888888888888,0.8285714285714286,0.8518518518518519,0.8947368421052632,0.8333333333333334,0.9491525423728814,0.9090909090909092
align-dinov2+1b-llama-things+hyp-abl10cat-218,0.8202323991797676,0.0,,,,,,,,,,,0.9133574007220217,,,0.7309417040358744,,,,,,,,,,,,,0.7772277227722773,,,,,0.9633699633699634,0.9571984435797666,,,,0.5751633986928104,,,,,,,,0.8548387096774194,0.9881422924901184,,,0.6890756302521008,,0.7615062761506276,,
align-siglip+1b-things-7,0.8344796841166731,0.0,0.7854166666666667,0.7672955974842768,0.9329962073324906,0.7351485148514851,0.8892988929889298,0.8695652173913043,0.9297752808988764,0.7718446601941747,0.8644688644688645,0.8483412322274881,0.9133574007220217,0.8956521739130435,0.8300395256916996,0.7443946188340808,0.7064220183486238,0.9204819277108434,0.8377192982456141,0.9072164948453608,0.8701298701298701,0.900785854616896,0.7135416666666666,0.7418300653594772,0.7178217821782178,0.8245614035087719,0.8375634517766497,0.7080536912751678,0.7475247524752475,0.8638132295719845,0.8675213675213675,0.8051282051282052,0.8134715025906736,0.956043956043956,0.9124513618677044,0.7192307692307692,0.8674242424242424,0.8707482993197279,0.8801742919389978,0.7074829931972789,0.7876712328767124,0.8697674418604651,0.7692307692307693,0.8122448979591836,0.7586206896551724,0.8289473684210527,0.9193548387096774,0.91699604743083,0.850909090909091,0.8390243902439024,0.7394957983193278,0.8032786885245902,0.6276150627615062,0.7755905511811023,0.7910447761194029
align-siglip+1b-llama-things+hyp-abl10-218,0.9315068493150684,0.0,0.9292929292929292,0.78125,0.9848484848484848,0.8490566037735849,1.0,0.9661016949152542,0.9636363636363636,0.9655172413793104,1.0,0.9047619047619048,1.0,1.0,0.8055555555555556,1.0,0.8378378378378378,0.9830508474576272,0.8958333333333334,1.0,0.96,0.9285714285714286,0.9047619047619048,0.7551020408163265,1.0,1.0,0.9615384615384616,0.8947368421052632,0.896551724137931,0.8709677419354839,1.0,1.0,1.0,0.9375,1.0,0.9361702127659576,0.8636363636363636,1.0,0.9402985074626866,0.8723404255319149,0.9,0.875,0.9166666666666666,0.9032258064516128,0.9361702127659576,1.0,0.95,0.9444444444444444,0.8444444444444444,0.8285714285714286,0.7407407407407407,0.8947368421052632,0.8333333333333334,0.9322033898305084,0.9318181818181818
align-dinosiglip+1b-llama-chat-things+hyp-abl70-7,0.7986547740897793,0.0,0.9155555555555556,0.7407407407407407,0.946927374301676,0.8160237388724035,0.64,0.8373015873015873,0.8591065292096219,0.804953560371517,0.8615384615384616,0.6904761904761905,0.7478260869565218,0.6766743648960739,0.8506787330316742,0.7916666666666666,0.7692307692307693,0.8641975308641975,0.8113207547169812,0.8148148148148148,0.75,0.9265536723163842,0.7752808988764045,0.765625,0.7640449438202247,0.817258883248731,0.8895705521472392,0.7198443579766537,0.6329787234042553,0.8,0.8225806451612904,0.6054054054054054,0.8417721518987342,0.8835341365461847,0.9082969432314412,0.7385321100917431,0.6048780487804878,0.9242424242424242,0.8392370572207084,0.753968253968254,0.6666666666666666,0.859375,0.711864406779661,0.7752293577981652,0.7373271889400922,0.5675675675675675,0.7523364485981309,0.8559670781893004,0.7735042735042735,0.7165775401069518,0.580952380952381,0.8127853881278538,0.7360406091370558,0.7792792792792793,0.6966292134831461
align-dinov2+1b-llama-things+hyp-abl10-42,0.9311263318112634,0.0,0.9191919191919192,0.96875,0.9696969696969696,0.8867924528301887,1.0,1.0,0.9454545454545454,0.9482758620689656,1.0,0.6666666666666666,1.0,0.9886363636363636,0.8888888888888888,0.9473684210526316,1.0,1.0,0.9375,0.935483870967742,0.92,0.9615384615384616,0.9285714285714286,0.9387755102040816,0.9393939393939394,0.9375,0.8846153846153846,0.9473684210526316,0.9827586206896552,1.0,1.0,1.0,0.9210526315789472,0.9375,0.9875,1.0,0.8181818181818182,1.0,0.9552238805970148,0.8297872340425532,0.7,0.875,1.0,0.967741935483871,0.851063829787234,1.0,0.9333333333333332,1.0,0.7333333333333333,0.8857142857142857,0.5925925925925926,0.8947368421052632,0.7708333333333334,0.8135593220338984,0.9318181818181818
align-dinov2+1b-llama-chat-things+hyp-abl30-218,0.911929543634908,0.0,0.927797833935018,0.927536231884058,0.9902200488997556,0.8860103626943006,0.923728813559322,0.9481481481481482,0.981012658227848,0.8963414634146342,0.9147286821705426,0.7246376811594203,0.9477611940298508,0.943089430894309,0.9322033898305084,0.9782608695652174,0.8411214953271028,0.9644970414201184,0.9891304347826086,1.0,0.903846153846154,0.8937093275488069,0.9655172413793104,0.8333333333333334,0.9396551724137931,0.8014705882352942,0.9666666666666668,0.953125,0.8448275862068966,0.9923664122137404,0.8918918918918919,0.945945945945946,0.9080459770114944,0.9416666666666668,0.984189723320158,0.9344262295081968,0.7738095238095238,0.9790209790209792,0.86,0.902439024390244,0.825,0.946808510638298,0.9036144578313252,0.8909090909090909,0.813953488372093,0.88,0.9212598425196852,0.9798657718120806,0.851063829787234,0.9302325581395348,0.7034482758620689,0.9615384615384616,0.6595744680851063,0.816,0.9587628865979382
align-dinov2+1b-llama-chat-things+hyp-abl30cat-7,0.8132717830351991,0.0,,0.6729559748427673,,,,0.9456521739130436,,0.7184466019417476,0.9157509157509156,0.7393364928909952,,0.8521739130434782,0.8695652173913043,,,,,0.9656357388316152,0.8961038961038961,0.730844793713163,,,,0.8289473684210527,0.9390862944162436,,,0.914396887159533,,0.7076923076923077,,0.8827838827838828,,,,0.9761904761904762,0.7037037037037037,0.782312925170068,0.797945205479452,0.827906976744186,,0.7020408163265306,0.8007662835249042,0.7543859649122807,0.9314516129032258,0.9881422924901184,,0.7414634146341463,0.6386554621848739,0.7991803278688525,,0.7716535433070866,0.8208955223880597
align-dinosiglip+1b-llama-things+hyp-abl70-218,0.654481649363942,0.0,0.7977777777777778,0.3555555555555555,0.8519553072625698,0.658753709198813,0.6044444444444445,0.6111111111111112,0.7628865979381443,0.6563467492260062,0.4038461538461538,0.4702380952380952,0.508695652173913,0.7990762124711316,0.4298642533936652,0.578125,0.5817307692307693,0.6697530864197531,0.6509433962264151,0.6296296296296297,0.555,0.8508474576271187,0.7078651685393258,0.5703125,0.5337078651685393,0.6649746192893401,0.7361963190184049,0.5836575875486382,0.5106382978723404,0.8090909090909091,0.6505376344086021,0.6432432432432432,0.5569620253164557,0.7269076305220884,0.7707423580786026,0.6146788990825688,0.6341463414634146,0.7159090909090909,0.7302452316076294,0.6706349206349206,0.540084388185654,0.5989583333333334,0.5310734463276836,0.591743119266055,0.695852534562212,0.6081081081081081,0.6074766355140186,0.7078189300411523,0.4615384615384615,0.5775401069518716,0.4761904761904761,0.6164383561643836,0.5025380710659898,0.6441441441441441,0.4775280898876404
align-dinosiglip+1b-llama-chat-things+hyp-abl10-42,0.9296042617960426,0.0,0.9292929292929292,0.78125,1.0,0.9245283018867924,1.0,1.0,0.9272727272727272,0.8448275862068966,1.0,0.9047619047619048,1.0,1.0,0.9444444444444444,1.0,0.8108108108108109,0.9830508474576272,0.9166666666666666,0.967741935483871,0.98,0.956043956043956,1.0,0.8775510204081632,0.8181818181818182,0.984375,0.8846153846153846,0.8947368421052632,0.913793103448276,1.0,0.9666666666666668,0.9655172413793104,1.0,0.9375,1.0,1.0,0.7954545454545454,0.9230769230769232,0.9701492537313432,0.9148936170212766,0.8,0.875,0.9722222222222222,1.0,0.8085106382978723,1.0,0.95,1.0,0.6888888888888889,0.8571428571428571,0.7407407407407407,0.8947368421052632,0.75,0.7966101694915254,0.9318181818181818
align-dinov2+500m-things+hyp-abl10cat-218,0.8581681476418318,0.0,,,,,,,,,,,0.8772563176895307,,,0.8116591928251121,,,,,,,,,,,,,0.7524752475247525,,,,,0.9377289377289376,0.943579766536965,,,,0.7647058823529411,,,,,,,,0.9435483870967742,0.984189723320158,,,0.726890756302521,,0.7824267782426778,,
align-siglip+1b-llama-chat-things+hyp-abl50-42,0.8971423500177493,0.0,0.9617486338797814,0.7615384615384615,0.957841483979764,0.8445229681978799,0.9207317073170732,0.9411764705882352,0.8847736625514403,0.8832116788321168,0.966183574879227,0.8769230769230769,0.845771144278607,0.9408450704225352,0.9545454545454546,0.8616352201257862,0.7371428571428571,0.9571984435797666,0.9415204678362572,0.985781990521327,0.907514450867052,0.9347826086956522,0.6226415094339622,0.8418604651162791,0.7786259541984732,0.8379888268156425,0.9452054794520548,0.949074074074074,0.831081081081081,0.9543147208121828,0.9154929577464788,0.9078014184397164,0.9121621621621622,0.9696969696969696,0.9706666666666668,0.9244186046511628,0.791907514450867,0.9688888888888888,0.890625,0.7417840375586855,0.8202247191011236,0.9649122807017544,0.8820224719101124,0.8248587570621468,0.8297872340425532,0.9112426035502958,0.9234972677595628,0.9423076923076924,0.8222222222222222,0.8450704225352113,0.8011695906432749,0.9497206703910616,0.8571428571428571,0.8768472906403941,0.8985507246376812
align-dinosiglip+500m-things+hyp-abl10-218,0.90220700152207,0.0,0.898989898989899,0.6875,0.9924242424242424,0.8301886792452831,0.9722222222222222,0.9830508474576272,1.0,0.896551724137931,1.0,0.4761904761904761,0.9210526315789472,1.0,0.8333333333333334,1.0,0.7297297297297297,0.9491525423728814,0.75,1.0,0.98,0.967032967032967,0.8809523809523809,0.7755102040816326,0.696969696969697,0.9375,0.8461538461538461,0.8421052631578947,0.8448275862068966,1.0,0.9333333333333332,0.8275862068965517,0.9473684210526316,0.9375,1.0,0.9574468085106383,0.7954545454545454,0.8846153846153846,0.9104477611940298,0.9148936170212766,0.6,0.96875,1.0,0.935483870967742,0.8936170212765957,0.9565217391304348,0.95,1.0,0.6,0.8,0.5555555555555556,0.8947368421052632,0.7916666666666666,0.9661016949152542,0.9090909090909092
align-siglip+500m-things+hyp-abl90-7,0.5577251808021039,0.0,0.7291666666666666,0.4697986577181208,0.5516795865633075,0.5732647814910026,0.5060728744939271,0.4705882352941176,0.71875,0.5580808080808081,0.465648854961832,0.4170854271356783,0.5767790262172284,0.6847826086956522,0.4644351464435146,0.5233644859813084,0.5502392344497608,0.7007672634271099,0.5350877192982456,0.6330935251798561,0.4112554112554112,0.675730110775428,0.5104166666666666,0.5547945205479452,0.4680851063829787,0.5746606334841629,0.5380710659898477,0.505338078291815,0.5989583333333334,0.6437246963562753,0.3849557522123893,0.4427083333333333,0.4093264248704663,0.6629213483146067,0.6507936507936508,0.4979591836734693,0.465863453815261,0.7077464788732394,0.7938388625592417,0.5302491103202847,0.4480286738351254,0.4688995215311005,0.4764397905759162,0.4806866952789699,0.3643410852713178,0.4009009009009009,0.3306451612903225,0.6518218623481782,0.6104868913857678,0.4702970297029702,0.4212765957446808,0.540084388185654,0.4978354978354978,0.52,0.3939393939393939
align-siglip+1b-things+hyp-abl90-7,0.9008547008547008,0.0,0.9333333333333332,0.7718120805369127,0.9302325581395348,0.8123393316195373,0.9109311740890688,0.9191176470588236,0.9431818181818182,0.9116161616161615,0.9236641221374046,0.8542713567839196,0.9101123595505618,0.8956521739130435,0.9205020920502092,0.911214953271028,0.8516746411483254,0.948849104859335,0.9166666666666666,0.9496402877697842,0.9047619047619048,0.9274924471299094,0.8958333333333334,0.910958904109589,0.8829787234042553,0.8280542986425339,0.9289340101522844,0.900355871886121,0.96875,0.9068825910931174,0.8982300884955752,0.9010416666666666,0.7668393782383419,0.9850187265917604,0.9583333333333334,0.8571428571428571,0.8514056224899599,0.943661971830986,0.924170616113744,0.8256227758007118,0.8387096774193549,0.9473684210526316,0.8795811518324608,0.8412017167381974,0.8914728682170543,0.8783783783783784,0.967741935483871,0.9676113360323888,0.8801498127340824,0.8712871287128713,0.8425531914893617,0.8481012658227848,0.8441558441558441,0.864,0.8333333333333334
align-dinov2+1b-llama-things+hyp-abl30cat-7,0.8115406809001731,0.0,,0.8616352201257862,,,,0.9710144927536232,,0.7281553398058253,0.8644688644688645,0.7867298578199052,,0.8586956521739131,0.932806324110672,,,,,0.979381443298969,0.9523809523809524,0.8025540275049116,,,,0.8771929824561403,0.9543147208121828,,,0.9416342412451362,,0.7076923076923077,,0.9597069597069596,,,,0.9659863945578232,0.3703703703703703,0.6870748299319728,0.7945205479452054,0.7674418604651163,,0.726530612244898,0.6551724137931034,0.7543859649122807,0.9153225806451613,0.9881422924901184,,0.8439024390243902,0.7184873949579832,0.8073770491803278,,0.7677165354330708,0.7711442786069652
align-siglip+1b-llama-things+hyp-abl50-218,0.9045970891018814,0.0,0.9480874316939892,0.7846153846153846,0.9763912310286678,0.833922261484099,0.926829268292683,0.965686274509804,0.9218106995884774,0.8905109489051095,0.9420289855072465,0.9384615384615383,0.9253731343283582,0.9295774647887324,0.9488636363636364,0.9371069182389936,0.8,0.9221789883268484,0.9473684210526316,0.976303317535545,0.8786127167630058,0.9171195652173914,0.8050314465408805,0.8,0.8473282442748091,0.6368715083798883,0.9246575342465754,0.9212962962962964,0.9054054054054054,0.9695431472081218,0.943661971830986,0.9148936170212766,0.8175675675675675,0.9848484848484848,0.9813333333333332,0.936046511627907,0.838150289017341,0.9644444444444444,0.91015625,0.7323943661971831,0.8707865168539326,0.9707602339181286,0.8539325842696629,0.9152542372881356,0.8297872340425532,0.9349112426035504,0.9508196721311476,0.9182692307692308,0.8,0.8732394366197183,0.8538011695906432,0.9553072625698324,0.906832298136646,0.8916256157635468,0.8840579710144928
align-dinosiglip+1b-llama-things+hyp-abl90-7,0.803681788297173,0.0,0.84375,0.5704697986577181,0.9444444444444444,0.8200514138817481,0.7773279352226721,0.7205882352941176,0.8721590909090909,0.7702020202020202,0.6755725190839694,0.4673366834170854,0.7378277153558053,0.8282608695652174,0.8577405857740585,0.7710280373831776,0.7703349282296651,0.9207161125319692,0.9166666666666666,0.8884892086330936,0.8831168831168831,0.8872104733131924,0.8177083333333334,0.8047945205479452,0.7393617021276596,0.7918552036199095,0.883248730964467,0.7330960854092526,0.71875,0.9068825910931174,0.6637168141592921,0.734375,0.7357512953367875,0.9325842696629212,0.9543650793650794,0.6571428571428571,0.7228915662650602,0.8556338028169014,0.8459715639810427,0.608540925266904,0.7240143369175627,0.722488038277512,0.7801047120418848,0.7553648068669528,0.6976744186046512,0.6441441441441441,0.875,0.9149797570850202,0.7827715355805244,0.801980198019802,0.723404255319149,0.729957805907173,0.7402597402597403,0.792,0.7777777777777778
align-dinov2+1b-llama-chat-things+hyp-abl20cat-42,0.8047410008779631,0.0,0.9541666666666668,,,0.7524752475247525,0.9003690036900369,,,0.8155339805825242,,,,0.8521739130434782,,,,0.8168674698795181,,,,,0.8333333333333334,,,,0.934010152284264,,,,,0.8769230769230769,0.8497409326424871,,,,0.6856060606060606,,,,0.6095890410958904,,,,0.6934865900383141,,0.875,0.9881422924901184,0.7127272727272728,0.8292682926829268,0.5966386554621849,,0.698744769874477,,0.7412935323383084
align-dinov2+1b-llama-chat-things+hyp-abl70-218,0.8431788273139348,0.0,0.9111111111111112,0.6666666666666666,0.9748603351955308,0.7507418397626113,0.7511111111111111,0.9166666666666666,0.9381443298969072,0.8452012383900929,0.8538461538461538,0.7678571428571429,0.8304347826086956,0.9260969976905312,0.8597285067873304,0.828125,0.8509615384615384,0.8981481481481481,0.8820754716981132,0.8629629629629629,0.865,0.9333333333333332,0.6460674157303371,0.7734375,0.7303370786516854,0.8274111675126904,0.9141104294478528,0.8910505836575876,0.7872340425531915,0.9136363636363636,0.7849462365591398,0.7243243243243244,0.8354430379746836,0.9076305220883534,0.9519650655021834,0.8073394495412844,0.7609756097560976,0.9431818181818182,0.8692098092643051,0.6666666666666666,0.7172995780590717,0.875,0.8531073446327684,0.7614678899082569,0.7926267281105991,0.6171171171171171,0.8504672897196262,0.9629629629629628,0.7008547008547008,0.7379679144385026,0.719047619047619,0.7990867579908676,0.7411167512690355,0.8243243243243243,0.8146067415730337
align-siglip+500m-things+hyp-abl50-42,0.8760205892793752,0.0,0.96448087431694,0.5846153846153846,0.9679595278246206,0.8939929328621908,0.8658536585365854,0.8431372549019608,0.9012345679012346,0.8613138686131386,0.9033816425120772,0.953846153846154,0.7263681592039801,0.9267605633802816,0.9318181818181818,0.7358490566037735,0.7657142857142857,0.933852140077821,0.9298245614035088,0.990521327014218,0.8439306358381503,0.9211956521739132,0.5660377358490566,0.8046511627906977,0.8320610687022901,0.6536312849162011,0.958904109589041,0.8796296296296297,0.7635135135135135,0.9441624365482234,0.943661971830986,0.8581560283687943,0.7567567567567568,0.9797979797979798,0.9653333333333334,0.9418604651162792,0.8034682080924855,0.96,0.875,0.7652582159624414,0.8033707865168539,0.9649122807017544,0.8033707865168539,0.8248587570621468,0.8351063829787234,0.9289940828402368,0.9398907103825136,0.908653846153846,0.8555555555555555,0.7253521126760564,0.8011695906432749,0.888268156424581,0.8819875776397516,0.8472906403940886,0.9347826086956522
align-dinov2+500m-things+hyp-abl70-7,0.8317736511185846,0.0,0.9066666666666666,0.6814814814814815,0.9636871508379888,0.7893175074183977,0.7511111111111111,0.8611111111111112,0.9209621993127148,0.7987616099071208,0.8192307692307692,0.8333333333333334,0.8304347826086956,0.8822170900692841,0.8914027149321267,0.90625,0.7740384615384616,0.9506172839506172,0.9764150943396226,0.8851851851851852,0.865,0.8926553672316384,0.5393258426966292,0.796875,0.797752808988764,0.817258883248731,0.901840490797546,0.8054474708171206,0.5904255319148937,0.8681818181818182,0.7580645161290323,0.6594594594594595,0.8544303797468354,0.9678714859437751,0.9388646288209608,0.8715596330275229,0.7317073170731707,0.8901515151515151,0.8010899182561307,0.7103174603174603,0.7172995780590717,0.8541666666666666,0.7288135593220338,0.7752293577981652,0.7695852534562212,0.5675675675675675,0.911214953271028,0.9382716049382716,0.7307692307692307,0.7647058823529411,0.6619047619047619,0.9406392694063926,0.6598984771573604,0.7657657657657657,0.848314606741573
align-siglip+1b-llama-chat-things+hyp-abl50-218,0.9058395456159034,0.0,0.96448087431694,0.8153846153846154,0.9662731871838112,0.823321554770318,0.9573170731707316,0.965686274509804,0.9670781893004116,0.9452554744525548,0.9710144927536232,0.9384615384615383,0.8308457711442786,0.943661971830986,0.9261363636363636,0.8176100628930818,0.7371428571428571,0.9883268482490272,0.9415204678362572,0.966824644549763,0.8786127167630058,0.9184782608695652,0.6981132075471698,0.8744186046511628,0.7557251908396947,0.8491620111731844,0.9383561643835616,0.7731481481481481,0.8581081081081081,0.9593908629441624,0.9507042253521126,0.9290780141843972,0.8783783783783784,0.9545454545454546,0.9946666666666668,0.9651162790697676,0.7398843930635838,0.9688888888888888,0.93359375,0.863849765258216,0.8370786516853933,0.9649122807017544,0.8932584269662921,0.8926553672316384,0.8297872340425532,0.9171597633136096,0.9016393442622952,0.9230769230769232,0.8,0.908450704225352,0.7426900584795322,0.9664804469273744,0.968944099378882,0.8669950738916257,0.9637681159420288
align-siglip+500m-things+hyp-abl10-218,0.9379756468797564,0.0,0.9090909090909092,0.875,0.9393939393939394,0.8301886792452831,1.0,0.9830508474576272,0.9636363636363636,0.9310344827586208,1.0,1.0,0.9473684210526316,1.0,0.9722222222222222,0.7894736842105263,1.0,1.0,0.8958333333333334,0.9516129032258064,0.94,0.967032967032967,0.8095238095238095,0.8775510204081632,0.6060606060606061,0.953125,0.8846153846153846,0.8947368421052632,0.9655172413793104,1.0,1.0,0.8275862068965517,0.9473684210526316,0.9375,1.0,1.0,1.0,1.0,1.0,0.8936170212765957,0.7,0.875,0.8055555555555556,0.935483870967742,0.8723404255319149,1.0,0.95,1.0,0.9555555555555556,0.8857142857142857,0.9629629629629628,0.8947368421052632,0.9375,1.0,0.9318181818181818
align-dinosiglip+1b-llama-chat-things+hyp-abl10-218,0.9318873668188736,0.0,0.9090909090909092,0.9375,1.0,0.7924528301886793,1.0,1.0,1.0,0.9827586206896552,1.0,0.8571428571428571,1.0,0.9886363636363636,1.0,0.7894736842105263,0.918918918918919,0.9661016949152542,0.9375,0.967741935483871,0.94,0.967032967032967,0.9761904761904762,0.7755102040816326,0.696969696969697,0.984375,0.8846153846153846,0.8947368421052632,1.0,1.0,0.9333333333333332,1.0,0.9210526315789472,0.9166666666666666,1.0,1.0,0.8863636363636364,1.0,0.9701492537313432,0.9148936170212766,0.7666666666666667,0.875,1.0,1.0,0.8723404255319149,1.0,0.9166666666666666,1.0,0.6444444444444445,0.7714285714285715,0.7777777777777778,0.8947368421052632,0.875,0.7627118644067796,0.9318181818181818
align-dinov2+500m-things-42,0.7900904343395746,0.0,0.8625,0.6729559748427673,0.9380530973451328,0.6831683168316832,0.8376383763837638,0.782608695652174,0.6151685393258427,0.7864077669902912,0.8095238095238095,0.3317535545023696,0.8664259927797834,0.917391304347826,0.7865612648221344,0.7982062780269058,0.7522935779816514,0.9373493975903614,0.9166666666666666,0.9381443298969072,0.8528138528138528,0.8398821218074656,0.6354166666666666,0.8235294117647058,0.801980198019802,0.8114035087719298,0.8883248730964467,0.8758389261744967,0.6287128712871287,0.8754863813229572,0.6495726495726496,0.5692307692307692,0.7461139896373057,0.956043956043956,0.7976653696498055,0.8846153846153846,0.6136363636363636,0.9081632653061223,0.7777777777777778,0.6496598639455783,0.8287671232876712,0.8046511627906977,0.8153846153846154,0.6857142857142857,0.7854406130268199,0.4605263157894737,0.8709677419354839,0.924901185770751,0.64,0.8146341463414634,0.6386554621848739,0.7663934426229508,0.5941422594142259,0.6929133858267716,0.835820895522388
align-dinov2+1b-things+hyp-abl90-218,0.8115055884286654,0.0,0.8125,0.7718120805369127,0.937984496124031,0.6863753213367609,0.8016194331983806,0.7941176470588235,0.8806818181818182,0.8358585858585859,0.7862595419847328,0.4824120603015075,0.8014981273408239,0.8630434782608696,0.9121338912133892,0.8551401869158879,0.7607655502392344,0.8465473145780051,0.8508771929824561,0.960431654676259,0.8354978354978355,0.8499496475327291,0.6927083333333334,0.7842465753424658,0.7553191489361702,0.832579185520362,0.9035532994923858,0.8861209964412812,0.7708333333333334,0.854251012145749,0.6858407079646017,0.828125,0.7564766839378239,0.9325842696629212,0.9503968253968254,0.4530612244897959,0.7991967871485943,0.943661971830986,0.8909952606635071,0.5800711743772242,0.8064516129032258,0.7177033492822966,0.8638743455497382,0.721030042918455,0.6434108527131783,0.6891891891891891,0.9233870967741936,0.9392712550607288,0.7116104868913857,0.8861386138613861,0.7021276595744681,0.7468354430379747,0.7619047619047619,0.74,0.7525252525252525
align-siglip+1b-llama-chat-things+hyp-abl10-7,0.9490106544901066,0.0,0.9292929292929292,0.9375,1.0,0.7547169811320755,1.0,1.0,0.9454545454545454,0.9310344827586208,1.0,0.8095238095238095,1.0,0.9659090909090908,1.0,1.0,1.0,1.0,0.9166666666666666,0.9516129032258064,0.94,0.967032967032967,1.0,0.8163265306122449,0.8787878787878788,1.0,0.8846153846153846,0.8947368421052632,1.0,1.0,0.9666666666666668,0.9310344827586208,1.0,0.9375,1.0,1.0,0.8636363636363636,1.0,1.0,0.8936170212765957,0.9,0.875,0.8333333333333334,0.9032258064516128,0.8723404255319149,1.0,0.95,1.0,1.0,0.8857142857142857,0.6666666666666666,0.8947368421052632,0.9583333333333334,1.0,0.9772727272727272
align-siglip+1b-llama-things+hyp-abl90-7,0.5975016436554899,0.0,0.7270833333333333,0.4697986577181208,0.6782945736434108,0.4344473007712082,0.4331983805668016,0.6507352941176471,0.7301136363636364,0.6085858585858586,0.6297709923664122,0.321608040201005,0.6779026217228464,0.7565217391304347,0.4895397489539749,0.6355140186915887,0.5023923444976076,0.7007672634271099,0.5219298245614035,0.7266187050359713,0.316017316017316,0.7180261832829808,0.5833333333333334,0.5958904109589042,0.4574468085106383,0.7692307692307693,0.6649746192893401,0.5871886120996441,0.4947916666666667,0.6923076923076923,0.4469026548672566,0.4427083333333333,0.3575129533678756,0.8314606741573034,0.7698412698412699,0.5836734693877551,0.5140562248995983,0.5633802816901409,0.7985781990521327,0.4697508896797153,0.6057347670250897,0.6650717703349283,0.5130890052356021,0.4721030042918455,0.4689922480620155,0.3198198198198198,0.4919354838709677,0.5789473684210527,0.3932584269662921,0.5346534653465347,0.5361702127659574,0.6329113924050633,0.6017316017316018,0.48,0.5353535353535354
align-dinosiglip+1b-llama-things+hyp-abl30-218,0.8959167333867094,0.0,0.927797833935018,0.8695652173913043,0.9779951100244498,0.8549222797927462,0.8559322033898306,0.9407407407407408,0.9493670886075948,0.8658536585365854,0.9147286821705426,0.8695652173913043,0.9104477611940298,0.9390243902439024,0.9152542372881356,0.9239130434782608,0.8785046728971962,0.940828402366864,0.9347826086956522,0.9634146341463414,0.903846153846154,0.928416485900217,0.8448275862068966,0.8680555555555556,0.9396551724137931,0.8161764705882353,0.9,0.8515625,0.8706896551724138,0.9694656488549618,0.8738738738738738,0.8468468468468469,0.8390804597701149,0.95,0.9920948616600792,0.8934426229508197,0.6309523809523809,0.9790209790209792,0.91,0.9105691056910568,0.8083333333333333,0.9574468085106383,0.8192771084337349,0.9363636363636364,0.7674418604651163,0.92,0.9291338582677166,0.9664429530201344,0.7801418439716312,0.9651162790697676,0.6068965517241379,0.946153846153846,0.6914893617021277,0.712,0.9381443298969072
align-dinosiglip+500m-things+hyp-abl50-218,0.8687433439829606,0.0,0.9344262295081968,0.6615384615384615,0.9595278246205734,0.823321554770318,0.926829268292683,0.9068627450980392,0.9506172839506172,0.8540145985401459,0.927536231884058,0.7461538461538462,0.6965174129353234,0.9211267605633804,0.8465909090909091,0.7672955974842768,0.7828571428571428,0.867704280155642,0.9181286549707602,0.9383886255924172,0.8265895953757225,0.9266304347826086,0.5849056603773585,0.8511627906976744,0.7938931297709924,0.8044692737430168,0.9246575342465754,0.8194444444444444,0.8581081081081081,0.9289340101522844,0.8098591549295775,0.9148936170212766,0.8581081081081081,0.9646464646464646,0.9653333333333334,0.9186046511627908,0.7456647398843931,0.9644444444444444,0.90625,0.6713615023474179,0.7134831460674157,0.9649122807017544,0.8820224719101124,0.8361581920903954,0.7553191489361702,0.8757396449704142,0.8524590163934426,0.9423076923076924,0.8,0.8873239436619719,0.7134502923976608,0.9497206703910616,0.906832298136646,0.8571428571428571,0.8695652173913043
align-dinosiglip+1b-things+hyp-abl30-7,0.9133973845743262,0.0,0.924187725631769,0.9130434782608696,0.9975550122249388,0.8290155440414507,0.940677966101695,0.9407407407407408,0.9873417721518988,0.9390243902439024,0.9224806201550388,0.7971014492753623,1.0,0.9634146341463414,0.9491525423728814,0.9130434782608696,0.8785046728971962,0.9230769230769232,0.967391304347826,1.0,0.9423076923076924,0.9522776572668112,0.956896551724138,0.8541666666666666,0.853448275862069,0.8088235294117647,0.9,0.9453125,0.9051724137931034,0.9847328244274808,0.8378378378378378,0.918918918918919,0.942528735632184,0.975,0.9644268774703556,0.8688524590163934,0.8214285714285714,0.958041958041958,0.905,0.902439024390244,0.7916666666666666,0.8829787234042553,0.8674698795180723,0.8818181818181818,0.7674418604651163,0.944,0.9921259842519684,0.9731543624161074,0.851063829787234,0.9883720930232558,0.6413793103448275,0.9692307692307692,0.6276595744680851,0.776,0.9587628865979382
align-dinosiglip+500m-things+hyp-abl90-42,0.7870479947403024,0.0,0.68125,0.6308724832214765,0.8540051679586563,0.6683804627249358,0.757085020242915,0.7647058823529411,0.8920454545454546,0.7777777777777778,0.7977099236641222,0.4974874371859296,0.7752808988764045,0.7021739130434783,0.7573221757322176,0.8084112149532711,0.6076555023923444,0.9309462915601024,0.8464912280701754,0.8309352517985612,0.8484848484848485,0.904330312185297,0.7447916666666666,0.7226027397260274,0.6861702127659575,0.746606334841629,0.8781725888324873,0.8505338078291815,0.703125,0.9352226720647774,0.7699115044247787,0.7291666666666666,0.7357512953367875,0.9625468164794008,0.9206349206349206,0.6530612244897959,0.714859437751004,0.9014084507042254,0.8436018957345972,0.7686832740213523,0.7096774193548387,0.9425837320574164,0.6492146596858639,0.7124463519313304,0.7286821705426356,0.7747747747747747,0.907258064516129,0.8502024291497976,0.7340823970037453,0.7029702970297029,0.5361702127659574,0.7426160337552743,0.7012987012987013,0.784,0.8282828282828283
align-dinosiglip+1b-things+hyp-abl10-42,0.9257990867579908,0.0,0.9292929292929292,0.96875,0.9621212121212122,0.8113207547169812,1.0,0.9491525423728814,0.9454545454545454,0.8275862068965517,1.0,1.0,1.0,0.9886363636363636,0.8888888888888888,1.0,0.945945945945946,0.9661016949152542,0.875,1.0,0.98,0.956043956043956,0.7857142857142857,0.8775510204081632,0.6060606060606061,0.921875,0.9230769230769232,0.8947368421052632,0.913793103448276,1.0,0.9666666666666668,0.896551724137931,1.0,0.9375,1.0,0.9787234042553192,0.8181818181818182,1.0,0.9104477611940298,0.9148936170212766,0.8333333333333334,0.9375,0.9722222222222222,1.0,0.8723404255319149,0.9565217391304348,0.9333333333333332,0.925925925925926,0.7111111111111111,0.8285714285714286,0.8148148148148148,0.868421052631579,0.875,1.0,0.9318181818181818
align-dinosiglip+500m-things+hyp-abl90-218,0.7717291255752794,0.0,0.8854166666666666,0.7248322147651006,0.9056847545219638,0.622107969151671,0.6761133603238867,0.7647058823529411,0.7613636363636364,0.7095959595959596,0.8129770992366412,0.6733668341708543,0.6741573033707865,0.8934782608695652,0.7824267782426778,0.8084112149532711,0.6028708133971292,0.9232736572890026,0.8552631578947368,0.8201438848920863,0.7272727272727273,0.94662638469285,0.765625,0.6986301369863014,0.6861702127659575,0.6742081447963801,0.8071065989847716,0.7722419928825622,0.6666666666666666,0.8016194331983806,0.7212389380530974,0.5989583333333334,0.6373056994818653,0.8689138576779026,0.8531746031746031,0.636734693877551,0.6827309236947792,0.8063380281690141,0.8672985781990521,0.5587188612099644,0.7526881720430108,0.8660287081339713,0.7172774869109948,0.6781115879828327,0.5736434108527132,0.6756756756756757,0.7862903225806451,0.9190283400809716,0.7378277153558053,0.7574257425742574,0.5148936170212766,0.6877637130801688,0.7965367965367965,0.776,0.6666666666666666
align-dinov2+1b-llama-chat-things+hyp-abl90-7,0.6487836949375411,0.0,0.6770833333333334,0.6308724832214765,0.5051679586563308,0.6683804627249358,0.5708502024291497,0.6397058823529411,0.7727272727272727,0.5681818181818182,0.6946564885496184,0.4824120603015075,0.5917602996254682,0.591304347826087,0.7364016736401674,0.6869158878504673,0.7033492822966507,0.7749360613810742,0.6228070175438597,0.7014388489208633,0.670995670995671,0.743202416918429,0.5677083333333334,0.6095890410958904,0.6595744680851063,0.751131221719457,0.7868020304568528,0.6263345195729537,0.5625,0.7894736842105263,0.6106194690265486,0.453125,0.6269430051813472,0.651685393258427,0.7916666666666666,0.636734693877551,0.6265060240963856,0.6971830985915493,0.8151658767772512,0.5729537366548043,0.6200716845878136,0.6889952153110048,0.7539267015706806,0.6223175965665236,0.5193798449612403,0.4774774774774775,0.625,0.757085020242915,0.5280898876404494,0.6584158415841584,0.5872340425531914,0.5949367088607594,0.6017316017316018,0.632,0.4646464646464646
align-dinov2+1b-things+hyp-abl50-42,0.9006034788782392,0.0,0.9453551912568308,0.5846153846153846,0.9595278246205734,0.8197879858657244,0.9634146341463414,0.8970588235294118,0.9300411522633744,0.9014598540145984,0.9227053140096618,0.9,0.9303482587064676,0.952112676056338,0.8920454545454546,0.8364779874213837,0.9371428571428572,0.9416342412451362,0.9473684210526316,0.976303317535545,0.9248554913294798,0.9279891304347826,0.6981132075471698,0.8186046511627907,0.8702290076335878,0.88268156424581,0.952054794520548,0.925925925925926,0.8716216216216216,0.9796954314720812,0.9647887323943662,0.8652482269503546,0.831081081081081,0.9747474747474748,1.0,0.936046511627907,0.8208092485549133,0.9822222222222222,0.90234375,0.7793427230046949,0.8089887640449438,0.9064327485380116,0.8651685393258427,0.847457627118644,0.7925531914893617,0.9230769230769232,0.9672131147540984,0.9230769230769232,0.7777777777777778,0.9366197183098592,0.7894736842105263,0.9162011173184358,0.8385093167701864,0.8325123152709359,0.9202898550724636
align-siglip+1b-llama-chat-things+hyp-abl30-7,0.9306111555911396,0.0,0.927797833935018,0.855072463768116,0.9877750611246944,0.8808290155440415,0.9322033898305084,0.9185185185185184,0.9367088607594936,0.9695121951219512,0.9534883720930232,0.927536231884058,0.9626865671641792,0.959349593495935,0.923728813559322,0.9456521739130436,0.8691588785046729,0.9585798816568049,1.0,1.0,0.875,0.9392624728850324,0.913793103448276,0.8472222222222222,0.7931034482758621,0.8529411764705882,0.9,0.9296875,0.9224137931034484,0.9694656488549618,0.954954954954955,0.90990990990991,0.9195402298850576,1.0,0.9762845849802372,0.9508196721311476,0.9166666666666666,0.9790209790209792,0.915,0.934959349593496,0.85,0.9574468085106383,0.9036144578313252,1.0,0.8449612403100775,0.896,0.9921259842519684,0.9865771812080536,0.8723404255319149,0.9883720930232558,0.8482758620689655,0.9384615384615383,0.8936170212765957,0.832,0.9587628865979382
align-dinosiglip+1b-things+hyp-abl10-7,0.9394977168949772,0.0,0.9292929292929292,0.96875,1.0,0.7358490566037735,1.0,1.0,1.0,0.9655172413793104,1.0,0.8095238095238095,1.0,1.0,1.0,1.0,0.8648648648648649,1.0,0.875,0.9516129032258064,0.98,0.9725274725274724,0.9761904761904762,0.8367346938775511,0.696969696969697,1.0,0.8846153846153846,0.8947368421052632,0.9655172413793104,0.967741935483871,1.0,0.9655172413793104,1.0,0.9375,1.0,1.0,0.8409090909090909,0.8461538461538461,1.0,0.8936170212765957,0.8333333333333334,0.875,0.9722222222222222,1.0,0.8085106382978723,0.9347826086956522,0.95,1.0,0.8888888888888888,0.8857142857142857,0.8148148148148148,0.8947368421052632,0.7916666666666666,0.9152542372881356,0.9090909090909092
align-siglip+1b-llama-things+hyp-abl90-42,0.6564760026298487,0.0,0.8291666666666667,0.348993288590604,0.7739018087855297,0.6760925449871465,0.5668016194331984,0.6176470588235294,0.7414772727272727,0.6186868686868687,0.6717557251908397,0.3668341708542713,0.6292134831460674,0.7869565217391304,0.5774058577405857,0.616822429906542,0.4736842105263157,0.8056265984654731,0.6754385964912281,0.7338129496402878,0.4025974025974026,0.9073514602215508,0.6197916666666666,0.6232876712328768,0.4148936170212766,0.7692307692307693,0.700507614213198,0.6725978647686833,0.5520833333333334,0.7611336032388664,0.5752212389380531,0.53125,0.4093264248704663,0.8052434456928839,0.7976190476190477,0.5510204081632653,0.6024096385542169,0.7323943661971831,0.8033175355450237,0.4768683274021352,0.4731182795698925,0.6220095693779905,0.4973821989528796,0.5107296137339056,0.5387596899224806,0.4639639639639639,0.6411290322580645,0.7854251012145749,0.5056179775280899,0.5247524752475248,0.5872340425531914,0.70042194092827,0.5281385281385281,0.584,0.4848484848484848
align-dinov2+1b-llama-things+hyp-abl30-218,0.9071257005604484,0.0,0.9530685920577616,0.9420289855072465,0.9853300733496332,0.844559585492228,0.8728813559322034,0.9407407407407408,0.9873417721518988,0.926829268292683,0.8837209302325582,0.8115942028985508,0.9701492537313432,0.926829268292683,0.9152542372881356,0.9347826086956522,0.9626168224299064,0.9230769230769232,0.9565217391304348,1.0,0.8557692307692307,0.8785249457700651,0.9051724137931034,0.7847222222222222,0.913793103448276,0.875,0.8777777777777778,0.875,0.8793103448275862,0.9770992366412212,0.9369369369369368,0.9369369369369368,0.9080459770114944,1.0,0.984189723320158,0.8934426229508197,0.7738095238095238,0.972027972027972,0.87,0.902439024390244,0.8333333333333334,0.8936170212765957,0.9036144578313252,0.9181818181818182,0.8217054263565892,0.912,0.9448818897637796,0.9798657718120806,0.7659574468085106,0.9534883720930232,0.7379310344827587,0.9153846153846154,0.7021276595744681,0.824,0.9175257731958762
align-siglip+1b-llama-chat-things+hyp-abl90-218,0.7426692965154503,0.0,0.8541666666666666,0.5503355704697986,0.8578811369509044,0.6940874035989717,0.6963562753036437,0.8088235294117647,0.8267045454545454,0.6843434343434344,0.767175572519084,0.5025125628140703,0.7378277153558053,0.9043478260869564,0.5983263598326359,0.7336448598130841,0.6411483253588517,0.80306905370844,0.6578947368421053,0.8525179856115108,0.5670995670995671,0.9033232628398792,0.6354166666666666,0.7226027397260274,0.4893617021276595,0.7737556561085973,0.8071065989847716,0.8185053380782918,0.609375,0.7530364372469636,0.6327433628318584,0.6354166666666666,0.5854922279792746,0.8838951310861424,0.8888888888888888,0.6448979591836734,0.6586345381526104,0.8732394366197183,0.8364928909952607,0.6725978647686833,0.6200716845878136,0.7751196172248804,0.643979057591623,0.7124463519313304,0.5775193798449613,0.6216216216216216,0.7741935483870968,0.8461538461538461,0.5767790262172284,0.6435643564356436,0.723404255319149,0.679324894514768,0.6536796536796536,0.716,0.6060606060606061
align-dinov2+1b-llama-things+hyp-abl90-7,0.8538461538461538,0.0,0.9125,0.9194630872483222,0.9315245478036176,0.7352185089974294,0.8582995951417004,0.9522058823529412,0.8778409090909091,0.8005050505050505,0.8358778625954199,0.8542713567839196,0.898876404494382,0.9195652173913044,0.8619246861924686,0.7850467289719626,0.8229665071770335,0.9156010230179028,0.8728070175438597,0.89568345323741,0.8701298701298701,0.9234642497482376,0.7239583333333334,0.7808219178082192,0.7287234042553191,0.8416289592760181,0.9695431472081218,0.8540925266903915,0.7916666666666666,0.9635627530364372,0.8097345132743363,0.6927083333333334,0.7979274611398963,0.951310861423221,0.9900793650793652,0.8122448979591836,0.7269076305220884,0.9612676056338028,0.914691943127962,0.7188612099644128,0.8028673835125448,0.8277511961722488,0.8848167539267016,0.6866952789699571,0.7635658914728682,0.8018018018018018,0.8951612903225806,0.9392712550607288,0.7303370786516854,0.8366336633663366,0.7276595744680852,0.7848101265822784,0.7662337662337663,0.764,0.8434343434343434
align-siglip+1b-llama-things+hyp-abl70-42,0.8809767509869864,0.0,0.9044444444444444,0.8,0.946927374301676,0.7804154302670623,0.9111111111111112,0.9404761904761904,0.9347079037800688,0.9380804953560372,0.8846153846153846,0.8988095238095238,0.8782608695652174,0.9237875288683602,0.9502262443438914,0.8802083333333334,0.7932692307692307,0.9629629629629628,0.9622641509433962,0.9111111111111112,0.945,0.9231638418079096,0.6404494382022472,0.84375,0.7191011235955056,0.8020304568527918,0.9754601226993864,0.8599221789883269,0.824468085106383,0.8727272727272727,0.8870967741935484,0.8162162162162162,0.9050632911392406,0.9718875502008032,0.9716157205240176,0.9128440366972476,0.7804878048780488,0.9583333333333334,0.8773841961852861,0.7301587301587301,0.8016877637130801,0.9322916666666666,0.8587570621468926,0.7568807339449541,0.7880184331797235,0.8513513513513513,0.9018691588785048,0.925925925925926,0.7735042735042735,0.8235294117647058,0.719047619047619,0.8995433789954338,0.8781725888324873,0.9009009009009008,0.8707865168539326
align-siglip+1b-things+hyp-abl50-42,0.9198615548455804,0.0,0.9426229508196722,0.6538461538461539,0.9831365935919056,0.8162544169611308,0.945121951219512,0.9509803921568628,0.8641975308641975,0.9343065693430656,0.9420289855072465,0.9230769230769232,0.9552238805970148,0.9380281690140844,0.9602272727272728,0.8490566037735849,0.8342857142857143,0.933852140077821,0.9239766081871345,0.966824644549763,0.9248554913294798,0.9538043478260868,0.8301886792452831,0.8790697674418605,0.8854961832061069,0.8212290502793296,0.9383561643835616,0.9305555555555556,0.9121621621621622,0.9695431472081218,0.9295774647887324,0.9432624113475178,0.7905405405405406,0.9646464646464646,0.9733333333333334,0.9302325581395348,0.9884393063583816,0.9822222222222222,0.921875,0.8309859154929577,0.9325842696629212,0.9766081871345028,0.8764044943820225,0.9209039548022598,0.851063829787234,0.9171597633136096,0.9562841530054644,0.9615384615384616,0.8833333333333333,0.8873239436619719,0.9239766081871345,0.9106145251396648,0.9130434782608696,0.8768472906403941,0.927536231884058
align-dinov2+1b-llama-chat-things+hyp-abl20cat-7,0.8242317822651448,0.0,0.9541666666666668,,,0.7252475247524752,0.9298892988929888,,,0.7815533980582524,,,,0.8739130434782608,,,,0.8554216867469879,,,,,0.8020833333333334,,,,0.9390862944162436,,,,,0.8512820512820513,0.8860103626943006,,,,0.7121212121212122,,,,0.7363013698630136,,,,0.7164750957854407,,0.9112903225806452,0.9881422924901184,0.7418181818181818,0.8341463414634146,0.7226890756302521,,0.7322175732217573,,0.736318407960199
align-dinov2+1b-things+hyp-abl50-218,0.8825878594249201,0.0,0.9480874316939892,0.5076923076923077,0.981450252951096,0.7879858657243817,0.9146341463414634,0.8970588235294118,0.9465020576131687,0.8613138686131386,0.9130434782608696,0.9076923076923076,0.8208955223880597,0.9211267605633804,0.8636363636363636,0.779874213836478,0.7485714285714286,0.9027237354085604,0.9005847953216374,0.971563981042654,0.9364161849710982,0.9198369565217392,0.7861635220125787,0.7348837209302326,0.8320610687022901,0.8547486033519553,0.952054794520548,0.9074074074074074,0.8648648648648649,0.9796954314720812,0.908450704225352,0.8581560283687943,0.8918918918918919,0.9545454545454546,0.96,0.8255813953488372,0.7341040462427746,0.9866666666666668,0.91796875,0.8450704225352113,0.8314606741573034,0.9181286549707602,0.898876404494382,0.8531073446327684,0.8085106382978723,0.9171597633136096,0.9016393442622952,0.8942307692307693,0.7888888888888889,0.8380281690140845,0.7426900584795322,0.8938547486033519,0.8633540372670807,0.8325123152709359,0.8985507246376812
align-dinosiglip+500m-things+hyp-abl90-7,0.6339907955292571,0.0,0.78125,0.6912751677852349,0.5387596899224806,0.6889460154241646,0.5344129554655871,0.5735294117647058,0.8494318181818182,0.553030303030303,0.6450381679389313,0.5778894472361809,0.6666666666666666,0.7,0.602510460251046,0.616822429906542,0.6411483253588517,0.7519181585677749,0.5833333333333334,0.60431654676259,0.4718614718614718,0.5740181268882175,0.7135416666666666,0.6472602739726028,0.6117021276595744,0.7194570135746606,0.5685279187817259,0.594306049822064,0.4895833333333333,0.6963562753036437,0.6283185840707964,0.6458333333333334,0.5647668393782384,0.8314606741573034,0.7797619047619048,0.5877551020408164,0.5783132530120482,0.6549295774647887,0.7535545023696683,0.6014234875444839,0.5627240143369175,0.5645933014354066,0.4712041884816754,0.7296137339055794,0.5697674418604651,0.536036036036036,0.6774193548387096,0.659919028340081,0.6292134831460674,0.7128712871287128,0.5531914893617021,0.6371308016877637,0.6277056277056277,0.696,0.3333333333333333
align-dinosiglip+500m-things+hyp-abl70-42,0.6960812984354438,0.0,0.7333333333333333,0.6370370370370371,0.8729050279329609,0.6617210682492581,0.5066666666666667,0.5992063492063492,0.8487972508591065,0.6718266253869969,0.6115384615384616,0.6011904761904762,0.7521739130434782,0.812933025404157,0.6968325791855203,0.4895833333333333,0.5288461538461539,0.8395061728395061,0.5471698113207547,0.6777777777777778,0.57,0.9062146892655368,0.5786516853932584,0.7109375,0.3932584269662921,0.6243654822335025,0.6503067484662577,0.642023346303502,0.6117021276595744,0.7772727272727272,0.6720430107526881,0.6756756756756757,0.7658227848101266,0.8393574297188755,0.8275109170305677,0.7568807339449541,0.624390243902439,0.7386363636363636,0.7329700272479565,0.6150793650793651,0.6455696202531646,0.8020833333333334,0.480225988700565,0.5458715596330275,0.5483870967741935,0.5765765765765766,0.8271028037383178,0.7037037037037037,0.4743589743589743,0.6203208556149733,0.5523809523809524,0.7579908675799086,0.6192893401015228,0.7117117117117117,0.5449438202247191
align-siglip+1b-llama-things+hyp-abl90-218,0.6437212360289284,0.0,0.7645833333333333,0.4429530201342282,0.8113695090439277,0.6375321336760925,0.5991902834008097,0.7169117647058824,0.7727272727272727,0.5909090909090909,0.6870229007633588,0.5025125628140703,0.5280898876404494,0.7760869565217391,0.4769874476987448,0.5514018691588785,0.5406698564593302,0.7340153452685422,0.5307017543859649,0.7697841726618705,0.329004329004329,0.7995971802618328,0.6145833333333334,0.5856164383561644,0.5053191489361702,0.6606334841628959,0.5989847715736041,0.6476868327402135,0.5,0.6477732793522267,0.6327433628318584,0.59375,0.38860103626943,0.8389513108614233,0.7440476190476191,0.636734693877551,0.5622489959839357,0.6725352112676056,0.8364928909952607,0.498220640569395,0.6451612903225806,0.6698564593301436,0.5497382198952879,0.5407725321888412,0.4496124031007752,0.5630630630630631,0.6532258064516129,0.6396761133603239,0.4269662921348314,0.6089108910891089,0.5872340425531914,0.6371308016877637,0.6060606060606061,0.508,0.5858585858585859
align-dinov2+500m-things+hyp-abl70-42-random,0.6424915923380611,0.0,0.7377777777777778,0.6074074074074074,0.8980446927374302,0.6201780415430267,0.4222222222222222,0.6626984126984127,0.6357388316151202,0.7027863777089783,0.4884615384615384,0.5952380952380952,0.5652173913043478,0.815242494226328,0.7285067873303167,0.703125,0.4326923076923077,0.7006172839506173,0.6415094339622641,0.6777777777777778,0.55,0.8779661016949153,0.6292134831460674,0.65625,0.6741573033707865,0.5532994923857868,0.7300613496932515,0.6575875486381323,0.648936170212766,0.6136363636363636,0.6827956989247311,0.5459459459459459,0.6392405063291139,0.6265060240963856,0.6419213973799127,0.5,0.624390243902439,0.4469696969696969,0.6866485013623979,0.6190476190476191,0.6160337552742616,0.3333333333333333,0.6949152542372882,0.5642201834862385,0.5714285714285714,0.5630630630630631,0.5467289719626168,0.6337448559670782,0.3803418803418803,0.5935828877005348,0.4428571428571428,0.6210045662100456,0.5177664974619289,0.545045045045045,0.5337078651685393
align-dinov2+500m-things+hyp-abl50-7,0.8833865814696485,0.0,0.9562841530054644,0.8461538461538461,0.9629005059021922,0.8303886925795053,0.9390243902439024,0.9411764705882352,0.9465020576131687,0.8321167883211679,0.927536231884058,0.8461538461538461,0.8955223880597015,0.9183098591549296,0.9090909090909092,0.8238993710691824,0.7657142857142857,0.8793774319066148,0.9298245614035088,0.990521327014218,0.8728323699421965,0.8967391304347826,0.6289308176100629,0.7953488372093023,0.8625954198473282,0.6815642458100558,0.910958904109589,0.9166666666666666,0.8378378378378378,0.964467005076142,0.9225352112676056,0.851063829787234,0.918918918918919,0.9696969696969696,0.9786666666666668,0.8488372093023255,0.8208092485549133,0.9466666666666668,0.9296875,0.8403755868544601,0.8089887640449438,0.9298245614035088,0.8258426966292135,0.8870056497175142,0.7925531914893617,0.7988165680473372,0.9508196721311476,0.8894230769230769,0.7666666666666667,0.852112676056338,0.7660818713450293,0.9608938547486032,0.8322981366459627,0.8374384236453202,0.8333333333333334
align-dinov2+1b-llama-things+hyp-abl70-218,0.8374031291124433,0.0,0.9355555555555556,0.7925925925925926,0.9636871508379888,0.744807121661721,0.8222222222222222,0.8888888888888888,0.9312714776632304,0.8513931888544891,0.8423076923076923,0.6726190476190477,0.8347826086956521,0.9237875288683602,0.8733031674208145,0.84375,0.7355769230769231,0.910493827160494,0.910377358490566,0.8703703703703703,0.65,0.9559322033898304,0.7584269662921348,0.7890625,0.7865168539325843,0.8274111675126904,0.9079754601226994,0.7937743190661478,0.7287234042553191,0.9181818181818182,0.8709677419354839,0.6648648648648648,0.8354430379746836,0.9076305220883534,0.9519650655021834,0.8394495412844036,0.6634146341463415,0.9507575757575758,0.8583106267029973,0.7738095238095238,0.8312236286919831,0.828125,0.8700564971751412,0.6330275229357798,0.7649769585253456,0.7252252252252253,0.8738317757009346,0.9094650205761317,0.5683760683760684,0.732620320855615,0.6571428571428571,0.776255707762557,0.6954314720812182,0.8018018018018018,0.7471910112359551
align-dinov2+1b-llama-things+hyp-abl20cat-7,0.8424934152765584,0.0,0.95,,,0.7945544554455446,0.8966789667896679,,,0.75,,,,0.8326086956521739,,,,0.983132530120482,,,,,0.8541666666666666,,,,0.9898477157360406,,,,,0.8615384615384616,0.8341968911917098,,,,0.6212121212121212,,,,0.8458904109589042,,,,0.7624521072796935,,0.9112903225806452,0.9920948616600792,0.7927272727272727,0.8536585365853658,0.7563025210084033,,0.6903765690376569,,0.8208955223880597
align-dinov2+1b-things+hyp-abl40cat-218,0.836096256684492,0.0,0.9354166666666668,,0.9747155499367888,0.6806930693069307,0.8929889298892989,,,0.7305825242718447,0.9010989010989012,0.6966824644549763,,,0.8735177865612648,0.7488789237668162,0.7798165137614679,,0.9166666666666666,0.9759450171821306,,,0.828125,,0.8564356435643564,0.8552631578947368,0.9035532994923858,0.9026845637583892,0.7920792079207921,,0.7735042735042735,0.7538461538461538,0.8341968911917098,0.9743589743589745,0.8910505836575876,0.7346153846153847,0.6590909090909091,0.9387755102040816,0.7843137254901961,,0.8013698630136986,0.8883720930232558,0.8923076923076924,0.7428571428571429,0.8122605363984674,,0.8870967741935484,0.9090909090909092,0.7781818181818182,,0.7689075630252101,0.8032786885245902,0.6443514644351465,0.8031496062992126,0.7810945273631841
align-dinov2+1b-things+hyp-abl40cat-42,0.8397504456327985,0.0,0.9354166666666668,,0.9077117572692794,0.75,0.8523985239852399,,,0.5436893203883495,0.8717948717948718,0.8436018957345972,,,0.9130434782608696,0.7443946188340808,0.8027522935779816,,0.9692982456140352,0.9621993127147768,,,0.9010416666666666,,0.8415841584158416,0.8859649122807017,0.9593908629441624,0.906040268456376,0.7524752475247525,,0.8034188034188035,0.8564102564102564,0.8756476683937824,0.9523809523809524,0.7704280155642024,0.8192307692307692,0.7234848484848485,0.9421768707482994,0.8649237472766884,,0.7602739726027398,0.9209302325581395,0.9025641025641026,0.8326530612244898,0.7931034482758621,,0.875,0.9051383399209486,0.7818181818181819,,0.7857142857142857,0.8647540983606558,0.6527196652719666,0.8582677165354331,0.7661691542288557
align-dinov2+500m-things+hyp-abl50-42,0.8840078097266596,0.0,0.9617486338797814,0.7923076923076923,0.9679595278246206,0.8303886925795053,0.9329268292682928,0.8921568627450981,0.897119341563786,0.8613138686131386,0.8985507246376812,0.8846153846153846,0.8756218905472637,0.9098591549295776,0.9204545454545454,0.7735849056603774,0.72,0.9416342412451362,0.9707602339181286,1.0,0.8670520231213873,0.938858695652174,0.5849056603773585,0.8046511627906977,0.8702290076335878,0.7597765363128491,0.8972602739726028,0.9305555555555556,0.8716216216216216,0.8984771573604061,0.8943661971830986,0.851063829787234,0.9121621621621622,0.9646464646464646,0.984,0.8953488372093024,0.7167630057803468,0.9377777777777778,0.953125,0.8591549295774648,0.7471910112359551,0.8596491228070176,0.8370786516853933,0.8757062146892656,0.8138297872340425,0.8520710059171598,0.9398907103825136,0.9423076923076924,0.7833333333333333,0.9225352112676056,0.7368421052631579,0.905027932960894,0.7701863354037267,0.8719211822660099,0.8333333333333334
align-dinov2+500m-things+hyp-abl40cat-7,0.7954545454545454,0.0,0.90625,,0.9595448798988622,0.7623762376237624,0.7453874538745388,,,0.6237864077669902,0.8278388278388278,0.7630331753554502,,,0.9051383399209486,0.7443946188340808,0.8119266055045872,,0.9736842105263158,0.8900343642611683,,,0.78125,,0.8564356435643564,0.8070175438596491,0.934010152284264,0.7885906040268457,0.6633663366336634,,0.6111111111111112,0.676923076923077,0.8497409326424871,0.9597069597069596,0.5992217898832685,0.8769230769230769,0.6893939393939394,0.9455782312925172,0.8779956427015251,,0.6746575342465754,0.8465116279069768,0.9025641025641026,0.6693877551020408,0.7662835249042146,,0.8629032258064516,0.8814229249011858,0.68,,0.680672268907563,0.7663934426229508,0.5983263598326359,0.7244094488188977,0.7213930348258707
align-dinov2+1b-things+hyp-abl10cat-7,0.859876965140123,0.0,,,,,,,,,,,0.8700361010830325,,,0.7802690582959642,,,,,,,,,,,,,0.8514851485148515,,,,,0.9523809523809524,0.896887159533074,,,,0.8474945533769063,,,,,,,,0.9274193548387096,0.9802371541501976,,,0.7436974789915967,,0.6861924686192469,,
align-dinosiglip+1b-llama-things-7,0.5773786778754298,0.0,0.7520833333333333,0.389937106918239,0.7168141592920354,0.6311881188118812,0.5461254612546126,0.6521739130434783,0.75,0.5412621359223301,0.5054945054945055,0.3838862559241706,0.5667870036101083,0.7608695652173914,0.458498023715415,0.6188340807174888,0.5137614678899083,0.7373493975903614,0.4385964912280701,0.6804123711340206,0.3463203463203463,0.8094302554027505,0.53125,0.5392156862745098,0.5346534653465347,0.6578947368421053,0.482233502538071,0.5335570469798657,0.4455445544554455,0.5914396887159533,0.3547008547008547,0.4615384615384615,0.4352331606217616,0.7216117216117216,0.5272373540856031,0.4692307692307692,0.4659090909090909,0.5918367346938775,0.5686274509803921,0.5510204081632653,0.565068493150685,0.4697674418604651,0.4564102564102564,0.436734693877551,0.4712643678160919,0.5219298245614035,0.407258064516129,0.6205533596837944,0.5563636363636364,0.4634146341463415,0.4915966386554621,0.5368852459016393,0.4811715481171548,0.562992125984252,0.4925373134328358
align-dinov2+1b-things-42,0.8325054133231435,0.0,0.8958333333333334,0.7358490566037735,0.9519595448798988,0.6831683168316832,0.8892988929889298,0.8514492753623188,0.8960674157303371,0.6723300970873787,0.8754578754578755,0.8246445497630331,0.8122743682310469,0.8543478260869565,0.9090909090909092,0.7533632286995515,0.7431192660550459,0.9493975903614458,0.9385964912280702,0.9518900343642612,0.9004329004329005,0.8664047151277013,0.6510416666666666,0.7679738562091504,0.7772277227722773,0.8508771929824561,0.9035532994923858,0.7785234899328859,0.7772277227722773,0.9182879377431906,0.7863247863247863,0.7846153846153846,0.8290155440414507,0.9267399267399268,0.8871595330739299,0.75,0.6742424242424242,0.9659863945578232,0.8344226579520697,0.7619047619047619,0.8493150684931506,0.8651162790697674,0.8717948717948718,0.7673469387755102,0.8045977011494253,0.7719298245614035,0.939516129032258,0.8616600790513834,0.7672727272727272,0.8292682926829268,0.6932773109243697,0.7540983606557377,0.6903765690376569,0.7716535433070866,0.7661691542288557
align-dinosiglip+1b-llama-chat-things+hyp-abl90-218,0.8140039447731755,0.0,0.9229166666666668,0.7785234899328859,0.8604651162790697,0.7300771208226221,0.7449392712550608,0.8308823529411765,0.8607954545454546,0.7550505050505051,0.7862595419847328,0.6080402010050251,0.7565543071161048,0.9304347826086956,0.895397489539749,0.6542056074766355,0.6842105263157895,0.9360613810741688,0.9473684210526316,0.8273381294964028,0.7922077922077922,0.9154078549848944,0.8333333333333334,0.7636986301369864,0.6861702127659575,0.8642533936651584,0.868020304568528,0.8113879003558719,0.671875,0.8947368421052632,0.7522123893805309,0.7239583333333334,0.7461139896373057,0.9588014981273408,0.9583333333333334,0.7877551020408163,0.6907630522088354,0.8732394366197183,0.8080568720379147,0.6441281138790036,0.7777777777777778,0.8181818181818182,0.8167539267015707,0.7381974248927039,0.7248062015503876,0.8288288288288288,0.907258064516129,0.8947368421052632,0.6404494382022472,0.8712871287128713,0.5872340425531914,0.7468354430379747,0.7012987012987013,0.78,0.8636363636363636
align-siglip+500m-things+hyp-abl90-218,0.6289940828402367,0.0,0.8020833333333334,0.2281879194630872,0.8578811369509044,0.7017994858611826,0.7246963562753036,0.5330882352941176,0.75,0.6186868686868687,0.6221374045801527,0.4924623115577889,0.5617977528089888,0.7456521739130435,0.4476987447698745,0.4345794392523364,0.5454545454545454,0.7595907928388747,0.5219298245614035,0.7410071942446043,0.3809523809523809,0.8882175226586103,0.515625,0.6198630136986302,0.3563829787234042,0.579185520361991,0.5329949238578681,0.5622775800711743,0.5833333333333334,0.5991902834008097,0.5530973451327433,0.6145833333333334,0.4870466321243523,0.7378277153558053,0.7261904761904762,0.3673469387755102,0.5140562248995983,0.6795774647887324,0.8056872037914692,0.5480427046263345,0.5627240143369175,0.645933014354067,0.5235602094240838,0.592274678111588,0.4806201550387597,0.6261261261261262,0.5887096774193549,0.6437246963562753,0.4831460674157303,0.5495049504950495,0.5659574468085107,0.4725738396624472,0.5974025974025974,0.62,0.1969696969696969
align-dinov2+1b-things+hyp-abl10-218,0.9322678843226788,0.0,0.9292929292929292,0.84375,1.0,0.9056603773584906,0.9722222222222222,0.9830508474576272,0.9454545454545454,0.913793103448276,0.9428571428571428,0.8095238095238095,1.0,0.9545454545454546,0.9722222222222222,1.0,1.0,0.9830508474576272,0.9375,0.967741935483871,1.0,0.967032967032967,0.8571428571428571,0.8367346938775511,0.6060606060606061,0.9375,0.8846153846153846,0.8947368421052632,0.9310344827586208,1.0,0.9333333333333332,0.9655172413793104,0.9736842105263158,0.9375,1.0,0.9787234042553192,1.0,1.0,0.9402985074626866,0.7446808510638298,0.8,0.78125,0.9722222222222222,1.0,0.9148936170212766,1.0,0.9333333333333332,1.0,0.8222222222222222,0.8857142857142857,0.7037037037037037,0.8947368421052632,0.8958333333333334,0.9152542372881356,0.8636363636363636
align-dinosiglip+1b-llama-chat-things+hyp-abl50-7,0.8503727369542066,0.0,0.9508196721311476,0.6,0.9342327150084316,0.8162544169611308,0.8902439024390244,0.8088235294117647,0.925925925925926,0.7883211678832117,0.9130434782608696,0.6230769230769231,0.746268656716418,0.9070422535211268,0.8295454545454546,0.8113207547169812,0.6857142857142857,0.9182879377431906,0.95906432748538,0.95260663507109,0.7572254335260116,0.9565217391304348,0.7610062893081762,0.7488372093023256,0.7404580152671756,0.7430167597765364,0.910958904109589,0.8009259259259259,0.8175675675675675,0.9035532994923858,0.9225352112676056,0.8794326241134752,0.8378378378378378,0.9444444444444444,0.9626666666666668,0.7732558139534884,0.6358381502890174,0.9333333333333332,0.8984375,0.7793427230046949,0.7303370786516854,0.953216374269006,0.7808988764044944,0.8192090395480226,0.824468085106383,0.8875739644970414,0.8797814207650273,0.8509615384615384,0.7666666666666667,0.8591549295774648,0.6549707602339181,0.8603351955307262,0.7763975155279503,0.7832512315270936,0.8913043478260869
align-dinov2+1b-llama-chat-things+hyp-abl20cat-218,0.8024582967515365,0.0,0.95,,,0.6955445544554455,0.8966789667896679,,,0.8033980582524272,,,,0.7782608695652173,,,,0.8265060240963855,,,,,0.796875,,,,0.934010152284264,,,,,0.8153846153846154,0.8652849740932642,,,,0.7121212121212122,,,,0.6917808219178082,,,,0.7203065134099617,,0.8790322580645161,0.9881422924901184,0.7709090909090909,0.8341463414634146,0.6260504201680672,,0.6820083682008368,,0.7661691542288557
align-dinov2+1b-llama-chat-things+hyp-abl30-42,0.920469709100614,0.0,0.9494584837545126,0.9565217391304348,1.0,0.8756476683937824,0.9491525423728814,0.9481481481481482,0.9683544303797468,0.9329268292682928,0.8914728682170543,0.8405797101449275,0.8805970149253731,0.9105691056910568,0.9152542372881356,0.8586956521739131,0.9345794392523364,0.9822485207100592,0.9891304347826086,0.9878048780487804,0.9326923076923076,0.915401301518438,1.0,0.8541666666666666,0.9482758620689656,0.8455882352941176,0.9444444444444444,0.9765625,0.8879310344827587,0.9770992366412212,0.981981981981982,0.927927927927928,0.942528735632184,0.975,0.9683794466403162,0.9918032786885246,0.7738095238095238,0.9790209790209792,0.885,0.91869918699187,0.8166666666666667,0.8829787234042553,0.891566265060241,0.9454545454545454,0.7984496124031008,0.88,0.9921259842519684,0.9798657718120806,0.8368794326241135,0.9302325581395348,0.7586206896551724,0.9384615384615383,0.6595744680851063,0.784,0.9690721649484536
