tensor([[[ 1.1797, -4.8125, -1.9844,  ..., -1.7812, -3.7812, -1.5625],
         [-0.5312, -3.6406, -1.3203,  ..., -1.2656,  1.6641,  0.6523],
         [-3.2656, -1.6953,  0.0664,  ..., -0.7148,  1.5703,  0.1533],
         ...,
         [-2.8438, -1.0312,  0.1758,  ..., -2.2812, -2.9062,  1.2188],
         [-2.9062, -0.8359, -0.3164,  ..., -0.2295, -3.0000, -0.7773],
         [ 2.2344, -2.9375, -1.5156,  ...,  0.5234, -2.4062,  0.3789]],

        [[ 1.1797, -4.8125, -1.9844,  ..., -1.7812, -3.7812, -1.5625],
         [-0.5312, -3.6406, -1.3203,  ..., -1.2656,  1.6641,  0.6523],
         [-3.2656, -1.6953,  0.0664,  ..., -0.7148,  1.5703,  0.1533],
         ...,
         [-2.8438, -1.0312,  0.1758,  ..., -2.2812, -2.9062,  1.2188],
         [-2.9062, -0.8359, -0.3164,  ..., -0.2295, -3.0000, -0.7773],
         [ 2.2344, -2.9375, -1.5156,  ...,  0.5234, -2.4062,  0.3789]],

        [[ 1.1797, -4.8125, -1.9844,  ..., -1.7812, -3.7812, -1.5625],
         [-0.5312, -3.6406, -1.3203,  ..., -1.2656,  1.6641,  0.6523],
         [-3.2656, -1.6953,  0.0664,  ..., -0.7148,  1.5703,  0.1533],
         ...,
         [-2.8438, -1.0312,  0.1758,  ..., -2.2812, -2.9062,  1.2188],
         [-2.9062, -0.8359, -0.3164,  ..., -0.2295, -3.0000, -0.7773],
         [ 2.2344, -2.9375, -1.5156,  ...,  0.5234, -2.4062,  0.3789]],

        [[ 1.1797, -4.8125, -1.9844,  ..., -1.7812, -3.7812, -1.5625],
         [-0.5312, -3.6406, -1.3203,  ..., -1.2656,  1.6641,  0.6523],
         [-3.2656, -1.6953,  0.0664,  ..., -0.7148,  1.5703,  0.1533],
         ...,
         [-2.8438, -1.0312,  0.1758,  ..., -2.2812, -2.9062,  1.2188],
         [-2.9062, -0.8359, -0.3164,  ..., -0.2295, -3.0000, -0.7773],
         [ 2.2344, -2.9375, -1.5156,  ...,  0.5234, -2.4062,  0.3789]]],
       device='cuda:0', dtype=torch.bfloat16)